GID_0,GID_1,crop_type,EF_2020,EF_2021,EF_2022,EF_2023,EF_2024
AGO,AGO.10_1,SWPO,45.8,43.79,39.37,35.31,34
AGO,AGO.11_1,SWPO,35.74,33.28,29.31,25.15,23.43
AGO,AGO.12_1,SWPO,255.2,231.2,198.7,169.2,156.8
AGO,AGO.13_1,SWPO,29.66,31.7,31.96,32.68,37.02
AGO,AGO.14_1,SWPO,126.6,122.7,112.6,104.2,108.3
AGO,AGO.15_1,SWPO,1.567,1.482,1.397,1.288,1.295
AGO,AGO.16_1,SWPO,14.95,13.6,12.05,9.846,8.824
AGO,AGO.17_1,SWPO,175.1,160.4,140.9,124.1,118.1
AGO,AGO.18_1,SWPO,189.7,177.6,168.8,157.3,155.5
AGO,AGO.1_1,SWPO,134.3,114.5,96.22,81.95,78.39
AGO,AGO.2_1,SWPO,73.27,59.84,46.13,34.55,31.09
AGO,AGO.3_1,SWPO,182.7,168.8,152.6,133,126.8
AGO,AGO.4_1,SWPO,0.4585,0.4089,0.3471,0.2926,0.2549
AGO,AGO.5_1,SWPO,0.7794,0.6739,0.5671,0.4538,0.4146
AGO,AGO.6_1,SWPO,179,151.3,125,99.79,86.01
AGO,AGO.7_1,SWPO,280.9,245.1,206.6,171.5,152.7
AGO,AGO.8_1,SWPO,0.1368,0.1235,0.1027,0.08415,0.07312
AGO,AGO.9_1,SWPO,100.1,104.2,105.6,106.4,114.2
ARG,ARG.10_1,SWPO,0.9024,0.8505,0.8341,0.8365,0.7634
ARG,ARG.11_1,SWPO,3.03e-4,2.82e-4,2.597e-4,0.0041,0.004081
ARG,ARG.12_1,SWPO,0,0,0,0,0
ARG,ARG.13_1,SWPO,0.004104,0.004328,0.004246,0.004037,0.003496
ARG,ARG.14_1,SWPO,1.305,1.221,1.116,1.027,0.881
ARG,ARG.16_1,SWPO,0.02175,0.02048,0.01912,0.01846,0.01629
ARG,ARG.17_1,SWPO,1.568,1.447,1.3,1.178,0.9649
ARG,ARG.18_1,SWPO,0.4725,0.4108,0.3444,0.2877,0.2448
ARG,ARG.19_1,SWPO,0.4086,0.3658,0.3205,0.2864,0.2278
ARG,ARG.1_1,SWPO,0.1989,0.1609,0.1258,0.1029,0.079
ARG,ARG.21_1,SWPO,0.9544,0.8409,0.7228,0.6274,0.4792
ARG,ARG.22_1,SWPO,1.605,1.305,0.9929,0.753,0.5482
ARG,ARG.24_1,SWPO,0.5338,0.442,0.3988,0.3379,0.2671
ARG,ARG.2_1,SWPO,1.354,0.959,0.6222,0.3576,0.1613
ARG,ARG.3_1,SWPO,1.3,1.244,1.209,1.276,1.194
ARG,ARG.6_1,SWPO,0.5863,0.5101,0.431,0.3664,0.2725
ARG,ARG.7_1,SWPO,0.4739,0.4136,0.3566,0.3191,0.3384
ARG,ARG.8_1,SWPO,0.4131,0.367,0.3243,0.2911,0.2355
ARG,ARG.9_1,SWPO,1.411,1.343,1.252,1.226,1.081
ATG,ATG.1_1,SWPO,2.48,1.198,0.8555,0.3354,0.3002
ATG,ATG.3_1,SWPO,1.415,0.6933,0.5051,0.2039,0.191
ATG,ATG.4_1,SWPO,0.4817,0.2283,0.162,0.06341,0.05725
ATG,ATG.5_1,SWPO,0.2371,0.09415,0.0486,0.0105,0.002905
ATG,ATG.6_1,SWPO,0.05286,0.02142,0.01247,0.003673,0.002407
ATG,ATG.7_1,SWPO,0.7516,0.3603,0.2591,0.1028,0.094
ATG,ATG.8_1,SWPO,0.2747,0.1329,0.09513,0.03742,0.03368
AUS,AUS.10_1,SWPO,0,0,0,0,0
AUS,AUS.5_1,SWPO,0.02021,0.02119,0.02005,0.01875,0.01865
AUS,AUS.7_1,SWPO,6.627,6.634,6.679,6.852,6.918
BDI,BDI.10_1,SWPO,0.009227,0.007295,0.006023,0.005202,0.003975
BDI,BDI.11_1,SWPO,0.05721,0.04976,0.04619,0.04674,0.04181
BDI,BDI.12_1,SWPO,0.01893,0.02114,0.02674,0.02691,0.0237
BDI,BDI.13_1,SWPO,0.02356,0.01818,0.01552,0.01365,0.01031
BDI,BDI.14_1,SWPO,0.05303,0.05811,0.06406,0.07069,0.0686
BDI,BDI.15_1,SWPO,0.02822,0.03431,0.0428,0.04805,0.0479
BDI,BDI.16_1,SWPO,0.08381,0.07276,0.06783,0.07316,0.06717
BDI,BDI.17_1,SWPO,0.02957,0.02599,0.02599,0.02943,0.03277
BDI,BDI.1_1,SWPO,0.1285,0.0982,0.08158,0.06967,0.05079
BDI,BDI.2_1,SWPO,0.01805,0.01547,0.01456,0.01444,0.01258
BDI,BDI.3_1,SWPO,0.01473,0.01242,0.01132,0.01147,0.01084
BDI,BDI.4_1,SWPO,0.2179,0.1966,0.199,0.2359,0.2185
BDI,BDI.5_1,SWPO,0.01514,0.01302,0.01242,0.013,0.01366
BDI,BDI.6_1,SWPO,0.221,0.1894,0.1607,0.1501,0.1237
BDI,BDI.7_1,SWPO,0.0222,0.0246,0.02796,0.03299,0.03361
BDI,BDI.8_1,SWPO,0.03668,0.02852,0.02427,0.0214,0.01623
BDI,BDI.9_1,SWPO,0.02646,0.03176,0.03459,0.04135,0.04319
BEN,BEN.10_1,SWPO,0.06185,0.06382,0.06057,0.04224,0.04377
BEN,BEN.11_1,SWPO,0.2478,0.2794,0.2673,0.1913,0.2071
BEN,BEN.12_1,SWPO,0.1294,0.1387,0.1867,0.1463,0.1577
BEN,BEN.1_1,SWPO,0.1173,0.1194,0.1116,0.08183,0.08392
BEN,BEN.2_1,SWPO,0.2352,0.2227,0.1935,0.1345,0.1407
BEN,BEN.3_1,SWPO,0.3767,0.4194,0.412,0.3027,0.3313
BEN,BEN.4_1,SWPO,0.2474,0.2334,0.2056,0.1401,0.1391
BEN,BEN.5_1,SWPO,0.6484,0.7134,0.7065,0.5549,0.6094
BEN,BEN.6_1,SWPO,1.312,1.204,0.9903,0.6148,0.5408
BEN,BEN.7_1,SWPO,0.105,0.1143,0.1141,0.08422,0.09008
BEN,BEN.9_1,SWPO,0.3502,0.3812,0.3629,0.2931,0.3338
BFA,BFA.10_1,SWPO,4.124e-4,3.936e-4,3.311e-4,2.849e-4,2.158e-4
BFA,BFA.13_1,SWPO,0.1757,0.1715,0.1482,0.1349,0.1108
BFA,BFA.1_1,SWPO,0.01139,0.01243,0.01202,0.01169,0.01082
BFA,BFA.2_1,SWPO,0.07806,0.08249,0.07816,0.07938,0.07712
BFA,BFA.3_1,SWPO,1.983,1.79,1.465,1.185,0.8515
BFA,BFA.5_1,SWPO,0.007038,0.006668,0.005914,0.006606,0.006665
BFA,BFA.6_1,SWPO,0.01831,0.01626,0.01262,0.009773,0.00637
BFA,BFA.7_1,SWPO,0,0,0,0,0
BFA,BFA.8_1,SWPO,0.008797,0.009766,0.01117,0.0142,0.01709
BFA,BFA.9_1,SWPO,0.03829,0.04205,0.04226,0.04503,0.04885
BGD,BGD.1_1,SWPO,0.00152,0.0038,0.01182,0.0253,0.03108
BGD,BGD.2_1,SWPO,1.93,1.508,1.221,1.078,0.9455
BGD,BGD.3_1,SWPO,0.05899,0.04525,0.03641,0.03394,0.02994
BGD,BGD.4_1,SWPO,0.009282,0.01135,0.01129,0.03874,0.06615
BGD,BGD.5_1,SWPO,0.01872,0.01349,0.01027,0.00999,0.01003
BGD,BGD.6_1,SWPO,0.01192,0.01057,0.01018,0.01017,0.01169
BGD,BGD.7_1,SWPO,0.1473,0.1316,0.1327,0.1452,0.1583
BGD,BGD.8_1,SWPO,0.2108,0.196,0.1728,0.1816,0.1735
BHS,BHS.16_1,SWPO,0.06058,0.0557,0.05095,0.04605,0.04122
BLZ,BLZ.1_1,SWPO,25.14,10.47,8.447,11.92,9.285
BLZ,BLZ.2_1,SWPO,6.246,3.286,3.43,3.963,3.829
BLZ,BLZ.3_1,SWPO,3.013,1.74,1.858,2.119,1.992
BLZ,BLZ.4_1,SWPO,7.139,3.619,3.632,3.856,3.36
BLZ,BLZ.5_1,SWPO,3.059,1.746,2.084,2.395,2.441
BLZ,BLZ.6_1,SWPO,17,9.551,10.26,11.4,13.79
BOL,BOL.1_1,SWPO,5.552,5.506,6.015,5.89,5.783
BOL,BOL.2_1,SWPO,8.416,8.182,7.905,7.488,7.055
BOL,BOL.3_1,SWPO,8.143,8.244,8.581,9.961,10.24
BOL,BOL.4_1,SWPO,27.62,25.67,24.19,23.75,22.69
BOL,BOL.6_1,SWPO,69.4,73.51,74.28,107.2,113.2
BOL,BOL.7_1,SWPO,0.1844,0.1683,0.1523,0.1363,0.1202
BOL,BOL.8_1,SWPO,3.597,3.1,2.713,2.297,1.97
BOL,BOL.9_1,SWPO,11.38,10.63,10.62,10.39,10.02
BRA,BRA.10_1,SWPO,79.52,79.9,82.58,81.67,82.93
BRA,BRA.11_1,SWPO,0.4945,0.678,0.7599,0.7814,0.825
BRA,BRA.12_1,SWPO,0.2803,0.2672,0.2507,0.2117,0.2003
BRA,BRA.13_1,SWPO,0.8956,0.8807,0.9134,0.8308,0.8256
BRA,BRA.14_1,SWPO,27.77,25.86,23.87,19.21,18.46
BRA,BRA.15_1,SWPO,0.7187,0.7772,0.8092,0.7536,0.7824
BRA,BRA.16_1,SWPO,1.11,1.205,1.304,1.259,1.299
BRA,BRA.17_1,SWPO,0.8276,0.8302,0.8636,0.7785,0.8154
BRA,BRA.18_1,SWPO,0.8453,0.8212,0.7496,0.6671,0.6618
BRA,BRA.19_1,SWPO,2.376,2.335,2.239,2.007,2.06
BRA,BRA.1_1,SWPO,62.46,67.33,76.67,72.99,76.75
BRA,BRA.20_1,SWPO,0.329,0.3601,0.3569,0.3297,0.3355
BRA,BRA.21_1,SWPO,0.2569,0.2828,0.3024,0.2828,0.2954
BRA,BRA.22_1,SWPO,6.599,6.925,6.828,5.899,5.696
BRA,BRA.23_1,SWPO,6.345,6.847,6.774,6.534,7.022
BRA,BRA.24_1,SWPO,0.8588,0.8831,0.9481,0.8676,0.8716
BRA,BRA.25_1,SWPO,0.2448,0.2553,0.2831,0.2817,0.2934
BRA,BRA.26_1,SWPO,0.8524,0.841,0.8569,0.7462,0.7397
BRA,BRA.27_1,SWPO,486.2,485.7,488.4,572,680.8
BRA,BRA.2_1,SWPO,0.6512,0.6259,0.6448,0.564,0.5607
BRA,BRA.4_1,SWPO,55.72,59.08,62.49,69.84,75.37
BRA,BRA.5_1,SWPO,7.7,7.435,7.259,6.874,7.091
BRA,BRA.6_1,SWPO,0.4065,0.4288,0.4495,0.441,0.4781
BRA,BRA.7_1,SWPO,0.07133,0.06961,0.09177,0.08725,0.09554
BRA,BRA.8_1,SWPO,2.485,2.475,2.436,2.283,2.436
BRA,BRA.9_1,SWPO,0.4137,0.3528,0.3,0.2418,0.2277
BRB,BRB.10_1,SWPO,4.226e-4,4.195e-4,2.032e-4,1.605e-4,1.459e-4
BRB,BRB.11_1,SWPO,0.009974,0.009546,0.004507,0.003489,0.003143
BRB,BRB.1_1,SWPO,0,0,0,0,0
BRB,BRB.2_1,SWPO,0.004416,0.00348,0.001219,5.368e-4,1.382e-4
BRB,BRB.3_1,SWPO,0.004829,0.01047,0.005268,0.004583,0.004466
BRB,BRB.4_1,SWPO,0.007327,0.004795,0.001429,5.25e-4,1.002e-4
BRB,BRB.5_1,SWPO,0.001339,0.001172,5.246e-4,3.746e-4,3.069e-4
BRB,BRB.6_1,SWPO,0.002706,0.002009,6.834e-4,2.727e-4,5.247e-5
BRB,BRB.7_1,SWPO,8.599e-4,4.927e-4,1.3e-4,5.923e-5,2.121e-5
BRB,BRB.8_1,SWPO,0.06228,0.07961,0.04067,0.03499,0.03458
BRB,BRB.9_1,SWPO,0.002412,0.001741,5.48e-4,2.365e-4,7.471e-5
BRN,BRN.2_1,SWPO,4.48,4.096,3.909,3.564,3.268
BRN,BRN.4_1,SWPO,0.7344,0.6479,0.5782,0.511,0.4567
BTN,BTN.11_1,SWPO,17.54,15.55,12.65,9.365,7.361
BTN,BTN.12_1,SWPO,19.38,20.61,24.64,19.5,17.9
BTN,BTN.13_1,SWPO,7.381,10.08,11.46,10,10.09
BTN,BTN.15_1,SWPO,7.132,8.223,17.08,14.91,15.74
BTN,BTN.17_1,SWPO,829.8,928.6,1557,1114,970.8
BTN,BTN.18_1,SWPO,21.29,26.12,50.32,40.58,43.12
BTN,BTN.19_1,SWPO,0,0,0,0,0
BTN,BTN.2_1,SWPO,7.834,7.115,5.925,4.665,4.009
BTN,BTN.3_1,SWPO,64.01,68.93,94.93,70.8,62.05
BTN,BTN.7_1,SWPO,9.76,10.76,17.69,12.32,10.32
BTN,BTN.9_1,SWPO,9.443,11.95,20.86,19.84,19.61
BWA,BWA.11_1,SWPO,0.5764,0.08256,0.08001,0.1386,0.1495
BWA,BWA.14_1,SWPO,0,0,0,0,0
BWA,BWA.15_1,SWPO,0,0,0,0,0
BWA,BWA.1_1,SWPO,5.395,0.6767,0.6194,0.6096,0.601
BWA,BWA.2_1,SWPO,0,0,0,0,0
BWA,BWA.3_1,SWPO,0,0,0,0,0
BWA,BWA.8_1,SWPO,0.01176,0.00133,0.001187,0.001127,0.001006
BWA,BWA.9_1,SWPO,0.003957,4.626e-4,4.086e-4,3.83e-4,3.365e-4
CAF,CAF.11_1,SWPO,3.05,3.223,3.054,3.342,4.453
CAF,CAF.13_1,SWPO,2.104,1.967,1.737,1.507,1.454
CAF,CAF.14_1,SWPO,0.1717,0.1743,0.149,0.1364,0.2008
CAF,CAF.15_1,SWPO,0.04105,0.03542,0.02479,0.01775,0.01081
CAF,CAF.16_1,SWPO,6.509,5.257,3.973,2.983,2.258
CAF,CAF.17_1,SWPO,0.002739,0.002722,0.00357,0.02558,0.1472
CAF,CAF.1_1,SWPO,0.3688,0.5045,0.648,0.7207,0.9111
CAF,CAF.3_1,SWPO,0.5067,0.4885,0.5746,0.5472,0.9492
CAF,CAF.6_1,SWPO,1.107,0.9912,0.8611,0.8945,0.8894
CAF,CAF.7_1,SWPO,7.867,8.682,8.923,8.904,9.254
CAF,CAF.8_1,SWPO,1.33,1.297,1.174,1.336,1.296
CHL,CHL.10_1,SWPO,2.882,3.01,2.978,3.054,2.95
CHL,CHL.12_1,SWPO,0.3902,0.3826,0.4331,0.4224,0.4006
CHL,CHL.13_1,SWPO,1.279,1.475,1.388,1.969,1.988
CHL,CHL.14_1,SWPO,0.3734,0.3872,0.385,0.3834,0.3779
CHL,CHL.16_1,SWPO,4.984,4.068,3.366,2.669,2.087
CHL,CHL.1_1,SWPO,668.3,581.2,496.2,413.9,329.9
CHL,CHL.3_1,SWPO,2.205,2.188,2.164,2.116,2.15
CHL,CHL.6_1,SWPO,3.805,3.527,3.261,3.025,2.762
CHL,CHL.7_1,SWPO,0.01079,0.007473,0.004952,0.002768,8.335e-4
CHL,CHL.8_1,SWPO,0.04588,0.04277,0.04344,0.04104,0.03808
CHL,CHL.9_1,SWPO,1.097,1.092,1.246,1.457,1.562
CHN,CHN.10_1,SWPO,0.05147,0.05204,0.0494,0.04621,0.04438
CHN,CHN.11_1,SWPO,0.8484,0.6872,0.5622,0.4483,0.3407
CHN,CHN.12_1,SWPO,0.002557,0.00255,0.00241,0.002322,0.002457
CHN,CHN.13_1,SWPO,0.1024,0.1018,0.1056,0.1205,0.1388
CHN,CHN.14_1,SWPO,0.1544,0.1535,0.1529,0.1498,0.1542
CHN,CHN.15_1,SWPO,0.001407,0.00128,0.001219,0.001146,0.001244
CHN,CHN.16_1,SWPO,0.4696,0.4492,0.442,0.4304,0.4224
CHN,CHN.17_1,SWPO,0.4833,0.4252,0.3693,0.309,0.2531
CHN,CHN.18_1,SWPO,0.04882,0.04512,0.04188,0.03855,0.03593
CHN,CHN.19_1,SWPO,2.662,2.368,2.048,1.697,1.366
CHN,CHN.1_1,SWPO,0.2271,0.2101,0.1931,0.1735,0.1718
CHN,CHN.20_1,SWPO,0.5732,0.5029,0.4366,0.3635,0.2938
CHN,CHN.21_1,SWPO,0.1525,0.1395,0.1277,0.1143,0.1015
CHN,CHN.22_1,SWPO,0.0699,0.065,0.06432,0.07122,0.08401
CHN,CHN.23_1,SWPO,2.021e-4,3.691e-4,4.704e-4,7.295e-4,0.001196
CHN,CHN.24_1,SWPO,0.03587,0.0403,0.05221,0.06714,0.06921
CHN,CHN.25_1,SWPO,0.09033,0.08011,0.07185,0.07119,0.07213
CHN,CHN.26_1,SWPO,0.01469,0.01599,0.01895,0.02047,0.02274
CHN,CHN.27_1,SWPO,0.008749,0.009308,0.009159,0.009476,0.01222
CHN,CHN.28_1,SWPO,0.04486,0.03953,0.0348,0.03049,0.02882
CHN,CHN.29_1,SWPO,52.07,49.82,48.88,46.02,45.32
CHN,CHN.2_1,SWPO,0.002876,0.005584,0.008834,0.0153,0.01672
CHN,CHN.30_1,SWPO,0.857,0.7953,0.7659,0.7444,0.7382
CHN,CHN.31_1,SWPO,0.2512,0.2364,0.2309,0.2248,0.2154
CHN,CHN.3_1,SWPO,0.009347,0.0108,0.01169,0.01298,0.01431
CHN,CHN.4_1,SWPO,0.1596,0.152,0.151,0.1466,0.1428
CHN,CHN.5_1,SWPO,1.317,0.9191,0.658,0.7546,0.8919
CHN,CHN.6_1,SWPO,0.1008,0.0939,0.08929,0.08352,0.08114
CHN,CHN.7_1,SWPO,0.5198,0.5252,0.5464,0.5622,0.5895
CHN,CHN.8_1,SWPO,0.1414,0.1353,0.1313,0.1285,0.1256
CHN,CHN.9_1,SWPO,0.424,0.4005,0.3749,0.3444,0.3523
CIV,CIV.10_1,SWPO,0.3555,0.36870000000000003,0.3737,0.4134,0.4354
CIV,CIV.11_1,SWPO,0.5964,0.6343,0.635,0.6928,0.7186
CIV,CIV.12_1,SWPO,1.113,1.173,1.202,1.213,1.22
CIV,CIV.13_1,SWPO,0.09668,0.09861,0.09427,0.08906,0.08682
CIV,CIV.14_1,SWPO,0.8366,0.8132,0.8132,0.8329,0.8347
CIV,CIV.1_1,SWPO,1.205,1.079,1.002,0.9769,0.952
CIV,CIV.2_1,SWPO,1.077,0.8734,0.7149,0.5953,0.496
CIV,CIV.3_1,SWPO,1.891,1.776,1.708,1.642,1.578
CIV,CIV.4_1,SWPO,1.327,1.436,1.518,1.654,1.756
CIV,CIV.5_1,SWPO,0.4205,0.3624,0.3173,0.2842,0.2507
CIV,CIV.6_1,SWPO,0.5304,0.4581,0.3919,0.333,0.2757
CIV,CIV.7_1,SWPO,1.8,1.751,1.743,1.782,1.834
CIV,CIV.8_1,SWPO,8.447,8.17,8.044,7.684,7.29
CIV,CIV.9_1,SWPO,0.4852,0.4212,0.3621,0.3082,0.2557
CMR,CMR.10_1,SWPO,8.15,8.822,8.736,9.659,10.58
CMR,CMR.1_1,SWPO,1.842,2.097,2.061,2.331,2.508
CMR,CMR.2_1,SWPO,3.542,3.817,3.844,4.218,4.541
CMR,CMR.3_1,SWPO,15.11,17.72,17.19,20.09,21.5
CMR,CMR.4_1,SWPO,0.004039,0.003373,0.002799,0.003069,0.003201
CMR,CMR.5_1,SWPO,3.287,3.706,3.776,3.972,4.337
CMR,CMR.6_1,SWPO,0.5574,0.5743,0.5519,0.5753,0.609
CMR,CMR.7_1,SWPO,0.119,0.1112,0.1035,0.1009,0.1071
CMR,CMR.8_1,SWPO,0.9639,1.114,1.233,1.706,2.208
CMR,CMR.9_1,SWPO,2.388,2.267,2.134,2.168,2.296
COD,COD.10_1,SWPO,3.621,3.358,3.025,2.821,2.677
COD,COD.11_1,SWPO,3.364,3.615,3.482,3.744,3.93
COD,COD.12_1,SWPO,2.667,2.906,2.961,3.098,3.448
COD,COD.13_1,SWPO,5.374,5.685,5.978,6.344,7.074
COD,COD.14_1,SWPO,0.2658,0.2688,0.2592,0.2696,0.3691
COD,COD.15_1,SWPO,3.514,3.775,3.954,4.041,4.533
COD,COD.16_1,SWPO,6.834,6.419,6.164,6.238,6.41
COD,COD.17_1,SWPO,6.922,7.088,6.973,7.036,7.672
COD,COD.18_1,SWPO,46.11,38.34,31.78,26.07,22.12
COD,COD.19_1,SWPO,67.18,54.96,42.58,33.44,26.92
COD,COD.1_1,SWPO,8.491,7.512,6.85,6.373,6.246
COD,COD.20_1,SWPO,2.792,2.949,2.946,2.932,3.134
COD,COD.21_1,SWPO,4.926,5.088,5.14,5.076,5.205
COD,COD.22_1,SWPO,2.273,2.122,1.996,2.054,2.147
COD,COD.23_1,SWPO,6.097,6.261,6.278,6.341,6.709
COD,COD.24_1,SWPO,1.786,1.606,1.465,1.498,1.568
COD,COD.25_1,SWPO,8.626,8.372,8.225,8.003,8.025
COD,COD.26_1,SWPO,279.2,168.9,92.64,45.6,21.43
COD,COD.2_1,SWPO,17.48,15.61,14.22,13.36,14.83
COD,COD.3_1,SWPO,2.436,2.493,2.573,2.559,2.784
COD,COD.4_1,SWPO,1.227,1.22,1.18,1.129,1.234
COD,COD.5_1,SWPO,7.942,7.875,8.263,8.497,9.025
COD,COD.6_1,SWPO,1.07,1.068,1.089,1.073,1.127
COD,COD.7_1,SWPO,6.74,7.433,7.858,8.288,8.859
COD,COD.8_1,SWPO,0.2687,0.2755,0.2692,0.2744,0.3188
COD,COD.9_1,SWPO,10.78,11.16,11.84,12.34,13.05
COG,COG.11_1,SWPO,1.183,1.302,1.311,1.366,1.377
COG,COG.12_1,SWPO,18.14,18.4,18.84,18.81,19.54
COG,COG.1_1,SWPO,0.4915,0.4653,0.4625,0.4656,0.4781
COG,COG.2_1,SWPO,0,0,0,0,0
COG,COG.3_1,SWPO,1.759,1.804,1.825,1.971,2.069
COG,COG.4_1,SWPO,4.205,4.228,4.432,4.609,4.656
COG,COG.5_1,SWPO,4.402,3.841,3.397,2.918,2.559
COG,COG.6_1,SWPO,2.451,2.219,2.112,2.037,1.983
COG,COG.7_1,SWPO,12.28,12.09,12.31,11.99,12.06
COG,COG.8_1,SWPO,6.434,5.633,4.923,4.302,3.586
COG,COG.9_1,SWPO,2.457,2.602,2.804,3.191,3.802
COL,COL.19_2,SWPO,0.4602,0.1344,0.05279,0.008438,0.002441
COL,COL.23_2,SWPO,4.901,4.674,4.35,4.246,4.122
COL,COL.33_2,SWPO,20.41,18.09,15.71,13.32,10.97
COL,COL.3_2,SWPO,59.93,60.39,57.46,54.33,52.05
CRI,CRI.1_1,SWPO,202.5,107.4,105,121.1,81.17
CRI,CRI.3_1,SWPO,7.672,4.669,5.134,7.148,5.758
CRI,CRI.6_1,SWPO,3.24,2.064,2.604,3.833,3.189
CRI,CRI.7_1,SWPO,1.839,0.9352,0.9731,1.42,1.258
CUB,CUB.10_1,SWPO,0.01524,0.01254,0.01268,0.01128,0.009999
CUB,CUB.11_1,SWPO,0.07027,0.06201,0.06507,0.05491,0.04723
CUB,CUB.12_1,SWPO,0.07085,0.06879,0.07947,0.08781,0.08494
CUB,CUB.13_1,SWPO,0.341,0.2847,0.3008,0.2813,0.2415
CUB,CUB.14_1,SWPO,0.0605,0.05039,0.05346,0.0436,0.03736
CUB,CUB.15_1,SWPO,0.08684,0.06341,0.05995,0.04383,0.03465
CUB,CUB.16_1,SWPO,0.1526,0.1283,0.1325,0.1123,0.09452
CUB,CUB.1_1,SWPO,0.1186,0.1096,0.1198,0.1121,0.1067
CUB,CUB.2_1,SWPO,0.09637,0.08705,0.09981,0.09166,0.08599
CUB,CUB.3_1,SWPO,0.08464,0.07365,0.07886,0.07016,0.06188
CUB,CUB.4_1,SWPO,0.1189,0.09664,0.09207,0.06725,0.05585
CUB,CUB.5_1,SWPO,0.05363,0.04679,0.0511,0.04492,0.0412
CUB,CUB.6_1,SWPO,0.3315,0.2745,0.2812,0.2286,0.1971
CUB,CUB.7_1,SWPO,0.04471,0.03813,0.03953,0.03258,0.02808
CUB,CUB.8_1,SWPO,0.594,0.6016,0.6781,0.6373,0.7171
CUB,CUB.9_1,SWPO,0.04103,0.0395,0.04439,0.03795,0.0499
DMA,DMA.10_1,SWPO,5.124,4.652,4.444,4.174,3.865
DMA,DMA.1_1,SWPO,2.405,2.169,2.022,1.883,1.737
DMA,DMA.2_1,SWPO,0.2925,0.235,0.1881,0.1429,0.1065
DMA,DMA.4_1,SWPO,1.235,1.114,1.039,0.9627,0.8818
DMA,DMA.5_1,SWPO,0.187,0.1409,0.1026,0.06949,0.04582
DMA,DMA.8_1,SWPO,0.147,0.09857,0.05977,0.02516,0.004299
DMA,DMA.9_1,SWPO,0.01497,0.006825,0.003732,0.00125,0
DOM,DOM.10_1,SWPO,0.3782,0.3314,0.2596,0.1976,0.1644
DOM,DOM.11_1,SWPO,0.1345,0.1412,0.1394,0.1302,0.1348
DOM,DOM.12_1,SWPO,1.479,1.32,0.9908,0.8297,0.6443
DOM,DOM.13_1,SWPO,0.03984,0.0374,0.03355,0.0292,0.02973
DOM,DOM.14_1,SWPO,0.06701,0.05991,0.05085,0.04075,0.0386
DOM,DOM.15_1,SWPO,0.0634,0.06064,0.0531,0.0413,0.04086
DOM,DOM.16_1,SWPO,0.3433,0.3283,0.3025,0.2546,0.2682
DOM,DOM.17_1,SWPO,0.06974,0.06804,0.05867,0.04516,0.04535
DOM,DOM.18_1,SWPO,0.3095,0.3162,0.2928,0.2786,0.3035
DOM,DOM.19_1,SWPO,0.2821,0.2485,0.2085,0.1667,0.1736
DOM,DOM.1_1,SWPO,0.1348,0.1429,0.1311,0.1114,0.12
DOM,DOM.20_1,SWPO,0.2529,0.2954,0.2833,0.2322,0.2689
DOM,DOM.21_1,SWPO,0.2158,0.1955,0.1672,0.1276,0.1259
DOM,DOM.22_1,SWPO,0.05324,0.04785,0.04188,0.03305,0.03234
DOM,DOM.23_1,SWPO,0.1664,0.1429,0.1145,0.09547,0.08606
DOM,DOM.24_1,SWPO,0.4314,0.4313,0.3965,0.3485,0.3623
DOM,DOM.25_1,SWPO,0.6072,0.6066,0.5757,0.5054,0.5428
DOM,DOM.26_1,SWPO,0.1339,0.1166,0.09478,0.06887,0.06136
DOM,DOM.27_1,SWPO,0.05993,0.06045,0.05597,0.04955,0.05543
DOM,DOM.28_1,SWPO,0.05985,0.05259,0.0427,0.03201,0.02862
DOM,DOM.29_1,SWPO,0.2236,0.2175,0.1944,0.1558,0.1661
DOM,DOM.2_1,SWPO,0.1388,0.1206,0.09786,0.0683,0.05856
DOM,DOM.30_1,SWPO,0.2206,0.225,0.2061,0.1697,0.1759
DOM,DOM.31_1,SWPO,0.1621,0.1538,0.1371,0.1181,0.1211
DOM,DOM.32_1,SWPO,0.07734,0.085319999999999993,0.08291,0.06968,0.07612
DOM,DOM.3_1,SWPO,1.081,1.09,1.017,0.9087,0.9814
DOM,DOM.4_1,SWPO,0.2127,0.185,0.1409,0.1067,0.08639
DOM,DOM.5_1,SWPO,0.1222,0.1137,0.1005,0.07848,0.07785
DOM,DOM.6_1,SWPO,0.06691,0.06305,0.05541,0.0457,0.04644
DOM,DOM.7_1,SWPO,0.1189,0.1189,0.1208,0.1015,0.1029
DOM,DOM.8_1,SWPO,0.1452,0.1411,0.1317,0.1054,0.1131
DOM,DOM.9_1,SWPO,0.3923,0.3923,0.3801,0.3651,0.3814
DZA,DZA.48_1,SWPO,0,0,0,0,0
ECU,ECU.10_1,SWPO,0.1235,0.09805,0.07693,0.058,0.04318
ECU,ECU.12_1,SWPO,4.618,3.983,3.472,3.128,2.617
ECU,ECU.13_1,SWPO,1.563,1.313,1.098,0.888,0.6796
ECU,ECU.14_1,SWPO,3.289,2.744,2.771,3.345,3.307
ECU,ECU.15_1,SWPO,1654000,918700,511000,203300,33720
ECU,ECU.17_1,SWPO,318.9,299.8,320.7,322.1,333.3
ECU,ECU.18_1,SWPO,471.5,407.2,394,359.2,373.6
ECU,ECU.20_1,SWPO,320.7,235.3,160.1,91.5,29.86
ECU,ECU.22_1,SWPO,215.1,162.4,128.6,102,88.57
ECU,ECU.3_1,SWPO,5.773,3.918,2.48,1.14,0.308
ECU,ECU.7_1,SWPO,2636,2222,1863,1506,1145
ECU,ECU.8_1,SWPO,77.21,57.03,43.63,31.51,21.03
EGY,EGY.12_1,SWPO,0.002917,0.002922,0.004913,0.006812,0.007892
EGY,EGY.13_1,SWPO,0.001288,0.001281,0.001804,0.001228,0.001878
EGY,EGY.14_1,SWPO,0,0,0,0,0
EGY,EGY.15_1,SWPO,0,0,0,0,0
EGY,EGY.16_1,SWPO,0.03426,0.03384,0.04729,0.03261,0.03602
EGY,EGY.17_1,SWPO,0,0,0,1.559e-4,8.292e-4
EGY,EGY.19_1,SWPO,0,0,0,0.02166,0.02261
EGY,EGY.1_1,SWPO,0.002818,0.002931,0.004194,0.003122,0.00385
EGY,EGY.20_1,SWPO,0.02829,0.02715,0.03757,0.02523,0.02441
EGY,EGY.21_1,SWPO,0.008369,0.008851,0.01269,0.009065,0.009653
EGY,EGY.23_1,SWPO,0.01019,0.01102,0.01578,0.01155,0.01202
EGY,EGY.24_1,SWPO,0,0,0,9.795e-4,0.001022
EGY,EGY.25_1,SWPO,0,0,0,0,0
EGY,EGY.26_1,SWPO,0,0,0,0,0
EGY,EGY.27_1,SWPO,0,0,0,0,0
EGY,EGY.3_1,SWPO,0.01423,0.01519,0.02207,0.01698,0.01844
EGY,EGY.4_1,SWPO,0.02528,0.02369,0.0309,0.01903,0.01628
EGY,EGY.5_1,SWPO,0.003227,0.003134,0.004272,0.0259,0.03908
EGY,EGY.6_1,SWPO,2.625e-4,1.997e-4,1.839e-4,6.718e-5,2.345e-5
EGY,EGY.7_1,SWPO,6.267e-4,6.31e-4,9.023e-4,0.002297,0.003028
EGY,EGY.8_1,SWPO,0.001719,0.001736,0.002556,0.003845,0.00547
EGY,EGY.9_1,SWPO,0.00184,0.001893,0.002797,0.01179,0.01968
ETH,ETH.10_1,SWPO,0.02307,0.04037,0.03719,0.02805,0.03018
ETH,ETH.11_1,SWPO,0,0,0,0,0
ETH,ETH.3_1,SWPO,0.04005,0.07908,0.0725,0.05552,0.06247
ETH,ETH.4_1,SWPO,0.1116,0.1754,0.1443,0.09915,0.1198
ETH,ETH.5_1,SWPO,0.8943,1.324,1.003,0.5945,0.4915
ETH,ETH.6_1,SWPO,68.32,106,85.18,67.31,67.65
ETH,ETH.7_1,SWPO,0.001162,0.001944,0.001753,0.001088,9.885e-4
ETH,ETH.8_1,SWPO,0.02469,0.03895,0.03301,0.02299,0.02451
ETH,ETH.9_1,SWPO,3.06e-4,0.002034,0.005955,0.004449,0.004854
FJI,FJI.1_1,SWPO,1.044,1.061,1.115,1.718,1.842
FJI,FJI.2_1,SWPO,110.7,103.2,84.92,67.49,87.93
FJI,FJI.3_1,SWPO,4.543,5.311,4.566,3.598,3.575
FJI,FJI.5_1,SWPO,0.5972,0.5464,0.4362,0.3408,0.3218
GAB,GAB.1_1,SWPO,54.52,52.69,51.66,48.74,46.48
GAB,GAB.2_1,SWPO,60.48,60.34,74.3,75.21,72.88
GAB,GAB.3_1,SWPO,37.79,35.81,37.58,35.96,35.56
GAB,GAB.4_1,SWPO,21.73,20.45,19.8,18.33,18.24
GAB,GAB.5_1,SWPO,31.7,28.16,25.61,22.27,19.76
GAB,GAB.6_1,SWPO,69.69,67.66,68.19,63.6,63.65
GAB,GAB.7_1,SWPO,94.09,95.24,113.5,113.3,118.5
GAB,GAB.8_1,SWPO,7112,7404,9040,8943,10700
GAB,GAB.9_1,SWPO,39.38,38.99,39.66,38.3,38.72
GHA,GHA10_2,SWPO,1.665,1.72,1.727,1.979,2.121
GHA,GHA11_2,SWPO,0.4133,0.4049,0.4003,0.4144,0.4132
GHA,GHA12_2,SWPO,2.304,1.977,1.677,1.357,1.048
GHA,GHA13_2,SWPO,0.03998,0.03817,0.03359,0.03234,0.03179
GHA,GHA14_2,SWPO,1.395,1.6,1.777,2.118,2.639
GHA,GHA15_2,SWPO,27.18,29.04,30.46,33.33,34.67
GHA,GHA16_2,SWPO,18.22,20.06,23.6,25.04,26.58
GHA,GHA1_2,SWPO,36.59,40.14,45.51,48.38,52.19
GHA,GHA2_2,SWPO,15.57,17.52,19.28,20.56,22.64
GHA,GHA3_2,SWPO,31.87,33.51,35.51,36.82,38.81
GHA,GHA4_2,SWPO,1.586,1.594,1.634,1.659,1.67
GHA,GHA5_2,SWPO,16.13,17.46,19.17,21.07,21.37
GHA,GHA6_2,SWPO,24.08,27.05,29.88,32.3,34.92
GHA,GHA7_2,SWPO,1.291,1.431,1.5,1.598,1.875
GHA,GHA8_2,SWPO,0.2521,0.2297,0.2105,0.1976,0.1802
GHA,GHA9_2,SWPO,0.3747,0.3615,0.3458,0.344,0.3506
GIN,GIN.1_1,SWPO,1.588,1.587,1.495,1.636,1.682
GIN,GIN.2_1,SWPO,0.3616,0.3052,1.65,4.638,4.38
GIN,GIN.3_1,SWPO,3.564,3.671,3.604,4.155,4.644
GIN,GIN.4_1,SWPO,2.32,2.363,2.352,2.715,3.065
GIN,GIN.5_1,SWPO,1.356,1.386,1.346,1.526,1.62
GIN,GIN.6_1,SWPO,1.048,1.061,1.036,1.148,1.237
GIN,GIN.7_1,SWPO,6.337,6.304,6.001,6.747,7.045
GIN,GIN.8_1,SWPO,4.537,4.447,4.35,4.77,5.271
GMB,GMB.2_1,SWPO,39.8,29.34,24.84,20.54,17.55
GMB,GMB.3_1,SWPO,0.03067,0.007255,0.001815,0,0
GMB,GMB.5_1,SWPO,0.1007,0.07191,0.05649,0.05233,0.0698
GNB,GNB.1_1,SWPO,1.487,1.24,1.403,1.513,1.529
GNB,GNB.2_1,SWPO,0.362,0.2814,0.3392,0.4142,0.4447
GNB,GNB.3_1,SWPO,0.1956,0.1545,0.2506,0.3023,0.3089
GNB,GNB.4_1,SWPO,2.777,2.26,2.567,2.766,2.755
GNB,GNB.5_1,SWPO,5.379,4.185,4.488,4.504,4.213
GNB,GNB.6_1,SWPO,13.49,12.9,15.49,17.79,17.94
GNB,GNB.7_1,SWPO,1.272,1.015,1.132,1.158,1.126
GNB,GNB.8_1,SWPO,5.775,5.123,5.848,6.392,6.268
GNB,GNB.9_1,SWPO,9.52,8.172,8.775,9.036,8.631
GNQ,GNQ.2_1,SWPO,7.604,6.528,5.529,4.614,3.698
GNQ,GNQ.3_1,SWPO,309.2,271.3,234.9,199.4,163.6
GNQ,GNQ.4_1,SWPO,6.692,6.603,6.361,6.191,6.284
GNQ,GNQ.5_1,SWPO,7.158,7.802,7.628,8.32,9.12
GNQ,GNQ.6_1,SWPO,28.42,25.13,22.69,20.69,19.08
GNQ,GNQ.7_1,SWPO,3.398,3.39,3.35,3.366,3.36
GRD,GRD.2_1,SWPO,0.7714,1.103,1.564,2.177,1.949
GRD,GRD.3_1,SWPO,1.265,1.659,2.24,3.031,2.194
GRD,GRD.4_1,SWPO,0.3139,0.3769,0.5233,0.6404,0.448
GRD,GRD.5_1,SWPO,0.6551,0.7969,1.046,1.297,0.8893
GRD,GRD.7_1,SWPO,2.547,3.742,5.687,7.47,6.855
GTM,GTM.10_1,SWPO,0,0,0,0,0
GTM,GTM.11_1,SWPO,0.06586,0.04684,0.04041,0.04033,0.03436
GTM,GTM.12_1,SWPO,2.405,1.484,1.302,1.514,1.998
GTM,GTM.13_1,SWPO,0.08875,0.0907,0.07493,0.08276,0.07107
GTM,GTM.14_1,SWPO,0.001244,2.315e-4,9.901e-5,3.954e-5,0
GTM,GTM.15_1,SWPO,0.09014,0.06962,0.0654,0.09621,0.1025
GTM,GTM.16_1,SWPO,0,0,0,0,0
GTM,GTM.17_1,SWPO,0.3454,0.218,0.1811,0.2209,0.1964
GTM,GTM.18_1,SWPO,0.06164,0.03624,0.02793,0.02824,0.02507
GTM,GTM.19_1,SWPO,0,0,0,0,0
GTM,GTM.1_1,SWPO,0,0,0,0,0
GTM,GTM.20_1,SWPO,0.2465,0.1818,0.1696,0.2329,0.2434
GTM,GTM.22_1,SWPO,0.192,0.1235,0.1005,0.1174,0.1059
GTM,GTM.2_1,SWPO,0,0,0,0,0
GTM,GTM.3_1,SWPO,1.231,0.9748,1.103,1.463,1.283
GTM,GTM.4_1,SWPO,2.522,1.705,1.437,1.499,1.528
GTM,GTM.5_1,SWPO,0,0,0,0,0
GTM,GTM.6_1,SWPO,0.2015,0.1362,0.1186,0.157,0.1501
GTM,GTM.7_1,SWPO,0,0,0,0,0
GTM,GTM.8_1,SWPO,0.04406,0.02508,0.01881,0.02071,0.01673
GTM,GTM.9_1,SWPO,1.257,0.8719,0.7417,0.857,0.856
GUY,GUY.10_1,SWPO,1.307,0.9437,0.6692,0.4639,0.3492
GUY,GUY.2_1,SWPO,752.8,518.9,320.8,208.3,155.6
GUY,GUY.3_1,SWPO,0.5663,0.4782,0.397,0.3397,0.2829
GUY,GUY.4_1,SWPO,0.04933,0.04307,0.03608,0.03679,0.03844
GUY,GUY.5_1,SWPO,0.09384,0.08285,0.07243,0.0652,0.07856
GUY,GUY.6_1,SWPO,0.01319,0.01109,0.008849,0.007008,0.005861
GUY,GUY.7_1,SWPO,0.2057,0.1868,0.1621,0.1624,0.1554
GUY,GUY.8_1,SWPO,55.42,48.21,41.37,31.81,26.45
GUY,GUY.9_1,SWPO,1036,862.6,691.1,524.5,399.5
HND,HND.10_1,SWPO,24.67,23.02,21.37,19.5,20.06
HND,HND.12_1,SWPO,0.06733,0.05749,0.04752,0.03925,0.03659
HND,HND.13_1,SWPO,3.019,2.688,2.368,2.085,2.102
HND,HND.14_1,SWPO,5.089,4.572,4.276,3.775,4.186
HND,HND.15_1,SWPO,7.358,7.049,6.709,6.31,6.833
HND,HND.16_1,SWPO,10.59,9.988,9.021,8.065,8.175
HND,HND.17_1,SWPO,0.6455,0.5225,0.4136,0.3161,0.2692
HND,HND.18_1,SWPO,2.645,2.312,1.884,1.475,1.298
HND,HND.1_1,SWPO,11.7,9.795,8.16,6.5,5.756
HND,HND.2_1,SWPO,0.04137,0.03401,0.02765,0.02144,0.01947
HND,HND.3_1,SWPO,1.183,1.062,0.9251,0.7989,0.7861
HND,HND.4_1,SWPO,0.1387,0.1124,0.09073,0.06849,0.06259
HND,HND.5_1,SWPO,6.39,5.645,5.025,4.647,4.684
HND,HND.6_1,SWPO,0.4292,0.6022,0.5369,0.4822,0.5124
HND,HND.7_1,SWPO,3.82,3.393,3.097,2.76,2.838
HND,HND.8_1,SWPO,6.239,5.603,4.897,4.207,4.224
HND,HND.9_1,SWPO,18.09,19.11,18.31,19,20.91
HTI,HTI.10_1,SWPO,0.07679,0.08538,0.0547,0.3743,0.1242
HTI,HTI.1_1,SWPO,2.008,2.228,1.397,7.938,2.522
HTI,HTI.2_1,SWPO,0.2162,0.2126,0.1175,0.6565,0.1648
HTI,HTI.3_1,SWPO,0.04067,0.04888,0.03286,0.2347,0.085319999999999993
HTI,HTI.4_1,SWPO,0.03724,0.03938,0.02342,0.1416,0.03948
HTI,HTI.5_1,SWPO,0.1347,0.1519,0.0991,0.6082,0.2072
HTI,HTI.6_1,SWPO,0.1228,0.1392,0.08891,0.6296,0.2121
HTI,HTI.7_1,SWPO,0.07477,0.08177,0.05007,0.3163,0.09208
HTI,HTI.8_1,SWPO,0.0666,0.07276,0.04611,0.2756,0.09087
HTI,HTI.9_1,SWPO,0.1674,0.1804,0.1097,0.6674,0.1933
IDN,IDN.10_1,SWPO,0.05633,0.05341,0.03783,0.04978,0.04229
IDN,IDN.11_1,SWPO,0.04199,0.03827,0.02574,0.03373,0.02766
IDN,IDN.12_1,SWPO,4.755,4.833,3.672,4.798,4.338
IDN,IDN.13_1,SWPO,1.373,1.282,0.8747,1.047,0.8869
IDN,IDN.14_1,SWPO,9.071,8.243,5.538,6.236,4.753
IDN,IDN.16_1,SWPO,2.714,2.455,1.608,1.718,1.227
IDN,IDN.17_1,SWPO,0.4068,0.3672,0.2419,0.2656,0.1978
IDN,IDN.18_1,SWPO,0.8284,0.8124,0.5884,0.7423,0.6369
IDN,IDN.19_1,SWPO,1.631,1.6,1.155,1.501,1.257
IDN,IDN.1_1,SWPO,2.894,2.935,2.144,2.698,2.4
IDN,IDN.20_1,SWPO,0.0499,0.04538,0.03098,0.04247,0.03654
IDN,IDN.21_1,SWPO,0.622,0.5843,0.4116,0.4331,0.327
IDN,IDN.22_1,SWPO,6.612,6.399,4.673,5.83,4.874
IDN,IDN.23_1,SWPO,16.32,14.98,10.01,10.97,8.186
IDN,IDN.24_1,SWPO,3.302,3.04,2.049,2.284,1.699
IDN,IDN.25_1,SWPO,1.922,1.739,1.146,1.244,0.9109
IDN,IDN.26_1,SWPO,5.68,6.07,5.164,7.48,6.746
IDN,IDN.27_1,SWPO,1.8,1.582,1.01,1.067,0.7679
IDN,IDN.28_1,SWPO,1.106,1.004,0.6779,0.7779,0.6057
IDN,IDN.29_1,SWPO,0.8632,0.7885,0.5446,0.6728,0.5223
IDN,IDN.2_1,SWPO,0.02939,0.02623,0.01745,0.01969,0.0148
IDN,IDN.30_1,SWPO,0.2881,0.2825,0.2072,0.2526,0.2146
IDN,IDN.31_1,SWPO,1.783,1.622,1.088,1.239,1.01
IDN,IDN.32_1,SWPO,11.72,10.58,6.922,7.367,5.255
IDN,IDN.33_1,SWPO,0.07533,0.08079,0.05817,0.07121,0.06333
IDN,IDN.34_1,SWPO,15.31,14.06,9.456,10.59,8.189
IDN,IDN.35_1,SWPO,10.92,10.92,7.845,9.799,8.586
IDN,IDN.3_1,SWPO,1.9,1.782,1.256,1.505,1.249
IDN,IDN.4_1,SWPO,0.05249,0.04345,0.02661,0.02684,0.01894
IDN,IDN.5_1,SWPO,0.4871,0.4516,0.3173,0.4022,0.3474
IDN,IDN.6_1,SWPO,3.601,3.164,2.008,2.062,1.404
IDN,IDN.8_1,SWPO,0.3142,0.2649,0.1635,0.1694,0.1293
IDN,IDN.9_1,SWPO,0.0543,0.04924,0.03417,0.04052,0.03334
IND,IND.10_1,SWPO,1.184,1.287,1.26,1.554,1.69
IND,IND.12_1,SWPO,0.09016,0.1172,0.1152,0.1012,0.1151
IND,IND.13_1,SWPO,4.186,4.896,5.123,8.153,11.49
IND,IND.15_1,SWPO,0.04336,0.03859,0.03139,0.02422,0.02548
IND,IND.16_1,SWPO,0.06599,0.07211,0.07535,0.08685,0.09852
IND,IND.17_1,SWPO,0.23,0.2472,0.2517,0.2755,0.308
IND,IND.19_1,SWPO,0.02334,0.02218,0.0205,0.0207,0.02411
IND,IND.1_1,SWPO,0.5272,0.5006,0.4375,0.3811,0.3801
IND,IND.20_1,SWPO,0.02861,0.02657,0.02717,0.0323,0.03204
IND,IND.21_1,SWPO,3.261,3.172,2.885,2.654,2.683
IND,IND.22_1,SWPO,6.669,6.801,6.619,6.425,6.7
IND,IND.23_1,SWPO,11.82,12.93,12.48,11.73,12.39
IND,IND.24_1,SWPO,1.888,1.983,1.893,1.748,1.767
IND,IND.25_1,SWPO,0,0,0,0,0
IND,IND.26_1,SWPO,0.149,0.1443,0.1383,0.133,0.1404
IND,IND.27_1,SWPO,0.03256,0.09706,0.1029,0.1161,0.1293
IND,IND.28_1,SWPO,0.1109,0.1122,0.2766,0.1726,0.1986
IND,IND.29_1,SWPO,2.599e-4,2.415e-4,2.069e-4,1.7e-4,1.547e-4
IND,IND.2_1,SWPO,0.04382,0.04294,0.0403,0.04673,0.05357
IND,IND.30_1,SWPO,0.04586,0.04413,0.03936,0.03394,0.03271
IND,IND.31_1,SWPO,0.08628,0.1223,0.1346,0.145,0.1793
IND,IND.32_1,SWPO,0.1114,0.09074,0.06766,0.142,0.1504
IND,IND.33_1,SWPO,1.059,1.029,1.048,1.117,1.232
IND,IND.34_1,SWPO,0.02478,0.02081,0.01681,0.01486,0.01362
IND,IND.35_1,SWPO,0.01817,0.0233,0.02904,0.03426,0.03662
IND,IND.36_1,SWPO,0.1137,0.116,0.1136,0.1075,0.1118
IND,IND.3_1,SWPO,7.751,8.431,8.293,7.641,7.929
IND,IND.4_1,SWPO,1.223,1.211,1.107,0.9906,1.021
IND,IND.5_1,SWPO,0.01326,0.012070000000000001,0.01044,0.008557,0.009311
IND,IND.7_1,SWPO,0.1696,0.1585,0.1433,0.1424,0.1536
ISR,ISR.1_1,SWPO,0,0.007523,0.01342,0.01401,0.01242
ISR,ISR.3_1,SWPO,0.02387,0.02136,0.02428,0.04886,0.04672
ISR,ISR.4_1,SWPO,0.01029,0.009089,0.01064,0.01244,0.01175
ISR,ISR.5_1,SWPO,0.08114,0.08383,0.1356,0.2096,0.2074
ISR,ISR.6_1,SWPO,0.07245,0.05422,0.05194,0.04262,0.029
ISR,ISR.7_1,SWPO,0.002515,0.002074,0.002265,0.08891,0.09282
JAM,JAM.10_1,SWPO,0.4316,0.363,0.3262,0.4366,0.3802
JAM,JAM.11_1,SWPO,1.487,1.308,1.256,1.729,1.638
JAM,JAM.12_1,SWPO,0.6716,0.5286,0.4483,0.4856,0.3915
JAM,JAM.13_1,SWPO,0.3572,0.2878,0.2637,0.38,0.3355
JAM,JAM.14_1,SWPO,0.3718,0.2816,0.2276,0.2349,0.1764
JAM,JAM.1_1,SWPO,0.1431,0.1115,0.09364,0.1022,0.08592
JAM,JAM.2_1,SWPO,0.1262,0.09001,0.06812,0.06294,0.04089
JAM,JAM.4_1,SWPO,0.3889,0.2952,0.2403,0.2489,0.1833
JAM,JAM.5_1,SWPO,4.293,3.689,3.434,4.314,3.914
JAM,JAM.6_1,SWPO,0.8259,0.6605,0.5852,0.6793,0.5778
JAM,JAM.7_1,SWPO,1.129,0.8729,0.7451,0.822,0.6531
JAM,JAM.8_1,SWPO,0.2167,0.1773,0.153,0.1714,0.1661
JAM,JAM.9_1,SWPO,0.1897,0.1496,0.1256,0.1377,0.1291
JPN,JPN.10_1,SWPO,0.4892,0.4768,0.4526,0.4493,0.4209
JPN,JPN.11_1,SWPO,1.271,1.183,1.008,0.8904,0.7852
JPN,JPN.12_1,SWPO,0.3774,0.3716,0.3456,0.3328,0.3264
JPN,JPN.13_1,SWPO,0.06639,0.05787,0.0458,0.03711,0.02956
JPN,JPN.14_1,SWPO,0.04378,0.03091,0.01999,0.01484,0.01139
JPN,JPN.15_1,SWPO,0.1762,0.1613,0.1345,0.1193,0.3038
JPN,JPN.16_1,SWPO,11.74,11.41,10.51,10.25,10.53
JPN,JPN.17_1,SWPO,1.15,1.225,1.658,1.544,1.449
JPN,JPN.18_1,SWPO,0.1176,0.1027,0.07902,0.06225,0.04959
JPN,JPN.19_1,SWPO,5.637,5.433,4.82,4.471,8.081
JPN,JPN.1_1,SWPO,0.07678,0.07115,0.1021,0.09228,0.1492
JPN,JPN.20_1,SWPO,0.7781,0.7422,0.6515,0.597,2.668
JPN,JPN.21_1,SWPO,0.1522,0.1431,0.1306,0.1215,0.1278
JPN,JPN.22_1,SWPO,0.8118,0.718,0.5729,0.4636,0.3633
JPN,JPN.23_1,SWPO,5.71,5.001,3.943,3.146,2.393
JPN,JPN.24_1,SWPO,1.452,1.351,1.151,1.219,1.162
JPN,JPN.25_1,SWPO,0.07953,0.07483,0.1172,0.1054,0.1031
JPN,JPN.26_1,SWPO,0.3621,0.3269,0.2767,0.2331,0.1967
JPN,JPN.27_1,SWPO,0.03799,0.02855,0.01854,0.01465,0.009084
JPN,JPN.28_1,SWPO,0.9577,0.904,0.9078,0.8254,0.9066
JPN,JPN.29_1,SWPO,0.3654,0.3224,0.2645,0.2267,0.18
JPN,JPN.2_1,SWPO,5.766,5.17,4.149,3.414,2.74
JPN,JPN.30_1,SWPO,0.3415,0.3253,0.2874,0.2639,0.243
JPN,JPN.31_1,SWPO,0.2773,0.2409,0.1896,0.1529,1.196
JPN,JPN.32_1,SWPO,10.41,9.021,7.074,5.607,4.29
JPN,JPN.33_1,SWPO,7.551e-4,5.52e-4,3.131e-4,1.036e-4,0
JPN,JPN.34_1,SWPO,0.01289,0.01097,0.02542,0.02445,0.02214
JPN,JPN.35_1,SWPO,0.5241,0.3799,0.2149,0.1036,0.03682
JPN,JPN.36_1,SWPO,0.1516,0.1351,0.1127,0.09296,0.07459
JPN,JPN.37_1,SWPO,11.88,11.63,10.73,9.964,9.329
JPN,JPN.38_1,SWPO,0.3532,0.315,0.2546,0.2127,0.1741
JPN,JPN.39_1,SWPO,0.5622,0.5145,0.4297,0.3706,0.3194
JPN,JPN.3_1,SWPO,0.04609,0.04307,0.1602,0.1489,0.1397
JPN,JPN.40_1,SWPO,0.2752,0.2444,0.1972,0.1632,0.1314
JPN,JPN.42_1,SWPO,0.5628,0.5363,0.568,0.541,0.4938
JPN,JPN.43_1,SWPO,1.658,1.567,1.359,1.227,1.21
JPN,JPN.44_1,SWPO,0.1235,0.116,0.09676,0.0877,0.07675
JPN,JPN.45_1,SWPO,1.997,1.917,1.65,1.706,1.564
JPN,JPN.46_1,SWPO,0.7152,0.64,0.5186,1.125,1.012
JPN,JPN.47_1,SWPO,0.09218,0.1153,0.09443,0.2462,0.2272
JPN,JPN.4_1,SWPO,0.02762,0.02421,0.01999,0.01919,0.01865
JPN,JPN.5_1,SWPO,0.4898,0.4562,0.3957,0.4636,0.4823
JPN,JPN.6_1,SWPO,0.1037,0.09097,0.0717,0.05698,0.04304
JPN,JPN.7_1,SWPO,0.2362,0.2245,0.1941,0.1864,0.1719
JPN,JPN.8_1,SWPO,0.9045,0.8147,0.6799,0.6054,0.5771
JPN,JPN.9_1,SWPO,5.167,5.195,4.517,4.054,3.75
KAZ,KAZ.5_1,SWPO,0,0,0,0,0
KEN,KEN.10_1,SWPO,0.01712,0.01277,0.01411,0.01069,0.008684
KEN,KEN.11_1,SWPO,0.01936,0.01528,0.01765,0.01357,0.01223
KEN,KEN.12_1,SWPO,0.1553,0.1257,0.1514,0.124,0.1238
KEN,KEN.13_1,SWPO,0.009226,0.006826,0.007676,0.006113,0.005329
KEN,KEN.14_1,SWPO,0.2849,0.2483,0.2796,0.2166,0.1939
KEN,KEN.15_1,SWPO,0.01868,0.01459,0.01638,0.01243,0.01193
KEN,KEN.16_1,SWPO,0.03238,0.02939,0.03965,0.03569,0.04281
KEN,KEN.17_1,SWPO,0.01722,0.01669,0.02202,0.02212,0.02533
KEN,KEN.18_1,SWPO,0.1015,0.07215,0.07305,0.05066,0.04755
KEN,KEN.19_1,SWPO,0.1011,0.09,0.1096,0.09594,0.1115
KEN,KEN.1_1,SWPO,0.5091,0.5409,0.701,0.6774,0.7274
KEN,KEN.20_1,SWPO,11.98,11.36,16.38,29.96,30.93
KEN,KEN.21_1,SWPO,0.5196,0.5131,0.653,0.5888,0.5814
KEN,KEN.22_1,SWPO,0.08136,0.06105,0.06639,0.04838,0.03921
KEN,KEN.23_1,SWPO,0.05218,0.03675,0.03659,0.0243,0.0182
KEN,KEN.26_1,SWPO,0.02343,0.02188,0.03016,0.02777,0.0371
KEN,KEN.27_1,SWPO,0.02349,0.02114,0.0273,0.02512,0.03406
KEN,KEN.28_1,SWPO,0.1638,0.233,0.2903,0.2489,0.2474
KEN,KEN.29_1,SWPO,0.2919,0.2063,0.2158,0.152,0.1188
KEN,KEN.2_1,SWPO,0.1849,0.1549,0.1933,0.1699,0.1788
KEN,KEN.30_1,SWPO,0.09887,0.08098,0.09926,0.0819,0.09572
KEN,KEN.31_1,SWPO,5.036,3.468,3.424,2.651,2.144
KEN,KEN.32_1,SWPO,0.1357,0.115,0.1465,0.1459,0.1432
KEN,KEN.33_1,SWPO,0.1361,0.1128,0.1431,0.1279,0.1269
KEN,KEN.34_1,SWPO,0.1589,0.1482,0.2246,0.2269,0.2471
KEN,KEN.35_1,SWPO,204.1,140.5,139.8,95.41,76.04
KEN,KEN.36_1,SWPO,1.038,0.7744,0.8396,0.6172,0.5131
KEN,KEN.37_1,SWPO,0,0,0,0,51.47
KEN,KEN.38_1,SWPO,0.02696,0.02498,0.03274,0.03227,0.04113
KEN,KEN.39_1,SWPO,0.02613,0.01884,0.02006,0.01463,0.01206
KEN,KEN.3_1,SWPO,0.0139,0.01145,0.01366,0.01131,0.01127
KEN,KEN.40_1,SWPO,0.2761,0.2537,0.3119,0.2724,0.2683
KEN,KEN.41_1,SWPO,0.042659999999999997,0.03417,0.03952,0.03265,0.03248
KEN,KEN.42_1,SWPO,0.4923,0.3596,0.3974,0.3014,0.2912
KEN,KEN.43_1,SWPO,0.09806,0.07688,0.08476,0.06526,0.05945
KEN,KEN.44_1,SWPO,0.8331,0.6391,0.7027,0.5399,0.4639
KEN,KEN.45_1,SWPO,0.05074,0.04022,0.04884,0.03907,0.03652
KEN,KEN.47_1,SWPO,0.2409,0.1889,0.1946,0.1593,0.1449
KEN,KEN.4_1,SWPO,0.01186,0.01511,0.01801,0.01916,0.0207
KEN,KEN.5_1,SWPO,0.9564,0.8972,1.187,1.087,1.156
KEN,KEN.6_1,SWPO,0.1548,0.1142,0.1199,0.088,0.08352
KEN,KEN.7_1,SWPO,0.162,0.1275,0.1382,0.1053,0.08789
KEN,KEN.8_1,SWPO,0.01719,0.01572,0.0203,0.01967,0.02398
KEN,KEN.9_1,SWPO,0.6632,0.5032,0.5474,0.3938,0.3092
KHM,KHM.10_1,SWPO,7.527e-14,1.041e-13,1.208e-13,1.25e-13,1.197e-13
KHM,KHM.11_1,SWPO,10.91,12.45,14.15,14.35,13.17
KHM,KHM.12_1,SWPO,2.497,2.228,1.415,0.7133,0.2796
KHM,KHM.13_1,SWPO,28.85,31.95,28.55,24.39,19.18
KHM,KHM.14_1,SWPO,4.869,6.276,7.959,8.127,7.334
KHM,KHM.15_1,SWPO,14.56,18.85,19.53,19.7,18.52
KHM,KHM.16_1,SWPO,0.003744,0.001792,1.694e-4,1.043e-14,8.376e-15
KHM,KHM.17_1,SWPO,9.728,12.98,13.45,14.04,13.98
KHM,KHM.18_1,SWPO,2.396,2.806,3.066,3.185,3.27
KHM,KHM.19_1,SWPO,9.357e-5,9.651e-5,1.179e-4,1.827e-4,1.699e-4
KHM,KHM.1_1,SWPO,0.4936,0.5566,0.5152,0.4873,0.4538
KHM,KHM.20_1,SWPO,13.68,17.18,19.57,20.08,19.48
KHM,KHM.21_1,SWPO,8.582,12.14,12.67,13.74,13.32
KHM,KHM.22_1,SWPO,1.395,1.462,1.476,1.571,1.691
KHM,KHM.23_1,SWPO,0.6506,0.6437,0.7005,0.6348,0.4996
KHM,KHM.24_1,SWPO,0.01153,0.01131,0.0122,0.01053,0.0081
KHM,KHM.25_1,SWPO,11.01,12.24,13.92,13.71,12.21
KHM,KHM.2_1,SWPO,3.892,4.172,3.622,3.092,2.483
KHM,KHM.3_1,SWPO,1.996,2.258,2.092,1.859,1.551
KHM,KHM.4_1,SWPO,1.302,1.759,1.745,1.697,1.608
KHM,KHM.5_1,SWPO,3.092,3.497,3.327,3.062,2.752
KHM,KHM.6_1,SWPO,7.231,9.189,9.498,9.527,8.953
KHM,KHM.7_1,SWPO,1.416,1.724,1.698,1.601,1.525
KHM,KHM.8_1,SWPO,0.08554,0.093410000000000007,0.08387,0.07172,0.05724
KHM,KHM.9_1,SWPO,9.675,12.43,13.3,16.39,16.16
KNA,KNA.10_1,SWPO,0.3635,0.2777,0.3427,0.219,0.6218
KNA,KNA.11_1,SWPO,0.04264,0.03115,0.03563,0.02054,0.01893
KNA,KNA.12_1,SWPO,0.7061,0.5465,0.6161,0.338,0.2796
KNA,KNA.13_1,SWPO,0.3812,0.3065,0.3711,0.2257,0.2031
KNA,KNA.14_1,SWPO,0,0,0,0,0
KNA,KNA.1_1,SWPO,1.493,1.194,1.435,0.8643,0.7665
KNA,KNA.2_1,SWPO,0,0,0,0,0
KNA,KNA.3_1,SWPO,0.05068,0.02267,0.01967,0.009433,0.009468
KNA,KNA.5_1,SWPO,0,0,0,0,0
KNA,KNA.6_1,SWPO,0.212,0.1696,0.2041,0.123,0.1093
KNA,KNA.7_1,SWPO,0.1276,0.09945,0.1166,0.07217,0.07269
KNA,KNA.8_1,SWPO,0.2913,0.2215,0.248,0.1343,0.09951
KNA,KNA.9_1,SWPO,0.122,0.09393,0.1071,0.05965,0.04663
KOR,KOR.10_1,SWPO,0.3122,0.2657,0.2208,0.1779,0.1392
KOR,KOR.11_1,SWPO,0.1268,0.2988,0.2802,0.2617,0.2433
KOR,KOR.12_1,SWPO,0.09527,0.09313,0.08512,0.07772,0.07234
KOR,KOR.13_1,SWPO,0.0662,0.05277,0.04025,0.0446,0.03539
KOR,KOR.14_1,SWPO,0.05699,0.05034,0.04305,0.04657,0.03886
KOR,KOR.15_1,SWPO,0,0,0,0,0
KOR,KOR.17_1,SWPO,0.345,0.215,0.09294,0.03073,0.023
KOR,KOR.1_1,SWPO,0.415,0.3125,0.2308,0.1747,0.1326
KOR,KOR.2_1,SWPO,0.1719,0.1776,0.1621,0.1621,0.2009
KOR,KOR.3_1,SWPO,0.102,0.08991,0.0754,0.06246,0.05165
KOR,KOR.4_1,SWPO,0,0,0,0,0
KOR,KOR.5_1,SWPO,0.02535,0.02195,0.01855,0.01515,0.01175
KOR,KOR.6_1,SWPO,0.5458,0.5119,0.6564,1.025,1.185
KOR,KOR.7_1,SWPO,0.1657,0.1478,0.1298,0.1118,0.09433
KOR,KOR.8_1,SWPO,0.3094,0.2841,0.268,0.2388,0.2112
KOR,KOR.9_1,SWPO,1.1,0.955,0.9076,0.7839,0.6991
LAO,LAO.10_1,SWPO,12,11.91,12.1,12.29,12.14
LAO,LAO.11_1,SWPO,1.087,1.193,1.331,1.373,1.362
LAO,LAO.12_1,SWPO,1.695,1.438,1.206,1.006,0.8422
LAO,LAO.13_1,SWPO,1.728,1.544,1.406,1.491,1.54
LAO,LAO.14_1,SWPO,3.828,3.987,4.121,4.8,5.315
LAO,LAO.15_1,SWPO,0.9883,1.01,1.016,1.083,1.135
LAO,LAO.16_1,SWPO,19.94,20.17,20.54,25.09,26.2
LAO,LAO.17_1,SWPO,2.263,2.06,1.914,1.833,1.802
LAO,LAO.18_1,SWPO,12.42,12.17,11.95,12.3,12.28
LAO,LAO.1_1,SWPO,6.331,5.674,5.087,4.59,4.009
LAO,LAO.2_1,SWPO,41.7,43.32,43.83,44.77,44.13
LAO,LAO.3_1,SWPO,6.008,6.445,7.001,8.142,8.79
LAO,LAO.4_1,SWPO,0.3796,0.4349,0.5042,0.5433,0.5668
LAO,LAO.5_1,SWPO,45.09,39.56,34.46,28.49,22.22
LAO,LAO.6_1,SWPO,5.839,5.249,5.085,5.196,5.227
LAO,LAO.7_1,SWPO,9.39,8.81,8.233,7.776,7.384
LAO,LAO.8_1,SWPO,24.13,19.97,16.21,14.01,12.74
LAO,LAO.9_1,SWPO,30.02,25.26,21.26,19.2,17.86
LBN,LBN.6_1,SWPO,3.213e-4,2.594e-4,2.757e-4,2.571e-4,1.976e-4
LBR,LBR.10_1,SWPO,1.386,1.361,1.312,1.304,1.289
LBR,LBR.11_1,SWPO,1.263,1.29,1.364,1.446,1.543
LBR,LBR.12_1,SWPO,6.576,6.518,6.846,6.941,7.417
LBR,LBR.13_1,SWPO,3.522,3.337,3.102,2.877,2.759
LBR,LBR.14_1,SWPO,4.53,4.287,3.889,3.513,3.19
LBR,LBR.15_1,SWPO,2.152,2.107,2.04,1.967,1.919
LBR,LBR.1_1,SWPO,2.199,2.214,2.237,2.347,2.449
LBR,LBR.2_1,SWPO,3.385,3.398,3.467,3.466,3.54
LBR,LBR.3_1,SWPO,2.843,2.933,2.909,2.969,2.992
LBR,LBR.4_1,SWPO,2.084,2.077,2.086,2.206,2.227
LBR,LBR.5_1,SWPO,1.878,1.876,1.879,1.893,1.909
LBR,LBR.6_1,SWPO,4.35,4.389,4.676,4.893,5.167
LBR,LBR.7_1,SWPO,2.128,2.146,2.098,2.076,2.041
LBR,LBR.8_1,SWPO,14.45,14.77,14.59,15.17,15.08
LBR,LBR.9_1,SWPO,1.294,1.285,1.269,1.262,1.259
LCA,LCA.10_1,SWPO,1.361,1.018,0.8248,1.179,0.7741
LCA,LCA.1_1,SWPO,0.6109,0.4481,0.354,0.4888,0.3063
LCA,LCA.2_1,SWPO,0.7503,0.5718,0.4747,0.7016,0.4829
LCA,LCA.3_1,SWPO,0,0,0,0,0
LCA,LCA.4_1,SWPO,1.321,0.9742,0.7755,1.094,0.7178
LCA,LCA.5_1,SWPO,0.4444,0.3277,0.2607,0.3632,0.2291
LCA,LCA.6_1,SWPO,0.05231,0.0416,0.03638,0.05738,0.06104
LCA,LCA.7_1,SWPO,1.826,1.348,1.079,1.523,0.9856
LCA,LCA.8_1,SWPO,1.326,1.004,0.8261,1.207,0.8181
LCA,LCA.9_1,SWPO,2.373,1.754,1.401,1.969,1.274
LKA,LKA.10_1,SWPO,0.6575,0.5819,0.4705,0.3198,0.2581
LKA,LKA.11_1,SWPO,0.09101,0.09616,0.0883,0.07005,0.06795
LKA,LKA.12_1,SWPO,0.1766,0.1765,0.1597,0.1259,0.1238
LKA,LKA.13_1,SWPO,0.7439,0.5933,0.4072,0.208,0.08387
LKA,LKA.14_1,SWPO,0.0421,0.03939,0.03414,0.0258,0.02338
LKA,LKA.15_1,SWPO,0.3268,0.3262,0.3215,0.2771,0.2853
LKA,LKA.16_1,SWPO,0.2839,0.2808,0.2509,0.1975,0.2067
LKA,LKA.17_1,SWPO,0.1998,0.2076,0.2142,0.1741,0.1929
LKA,LKA.18_1,SWPO,0.149,0.1288,0.1038,0.08698,0.09516
LKA,LKA.19_1,SWPO,0.2756,0.2305,0.1694,0.1022,0.0806
LKA,LKA.1_1,SWPO,0.06149,0.04797,0.03432,0.02135,0.01743
LKA,LKA.20_1,SWPO,0.4198,0.4019,0.3756,0.347,0.3783
LKA,LKA.21_1,SWPO,0.3464,0.3081,0.2496,0.1738,0.1418
LKA,LKA.22_1,SWPO,0.07156,0.06703,0.05912,0.04693,0.04476
LKA,LKA.23_1,SWPO,0.1315,0.14,0.133,0.1125,0.1191
LKA,LKA.24_1,SWPO,0.1734,0.1262,0.07916,0.03706,0.0208
LKA,LKA.25_1,SWPO,0.3252,0.2917,0.2433,0.1924,0.1957
LKA,LKA.2_1,SWPO,0.07154,0.06719,0.05849,0.04349,0.04207
LKA,LKA.3_1,SWPO,0.1342,0.129,0.1297,0.1107,0.1171
LKA,LKA.4_1,SWPO,0.03028,0.02775,0.02352,0.01841,0.0186
LKA,LKA.5_1,SWPO,0.7995,0.6998,0.5585,0.3726,0.2906
LKA,LKA.6_1,SWPO,0.2048,0.1811,0.1471,0.1006,0.08315
LKA,LKA.7_1,SWPO,0.0538,0.04951,0.04099,0.02922,0.02502
LKA,LKA.8_1,SWPO,0.06738,0.06063,0.05288,0.03936,0.03672
LKA,LKA.9_1,SWPO,0.1694,0.1657,0.1496,0.1214,0.1267
MAR,MAR.10_1,SWPO,0.01992,0.01577,0.01221,0.02547,0.03973
MAR,MAR.11_1,SWPO,0.2242,0.1569,0.1065,0.08345,0.07517
MAR,MAR.12_1,SWPO,0.00439,0.003305,0.002491,0.004655,0.005295
MAR,MAR.13_1,SWPO,0.0679,0.04864,0.03529,0.03276,0.03259
MAR,MAR.14_1,SWPO,0.1693,0.1372,0.1089,0.1027,0.1063
MAR,MAR.15_1,SWPO,0.4118,0.3169,0.266,0.2457,0.2409
MAR,MAR.1_1,SWPO,0.5445,0.3833,0.2615,0.2051,0.1745
MAR,MAR.2_1,SWPO,0.2289,0.1691,0.1219,0.09883,0.08729
MAR,MAR.3_1,SWPO,0.07188,0.05391,0.04271,0.05526,0.05644
MAR,MAR.4_1,SWPO,0.1187,0.1092,0.0929,0.09436,0.09642
MAR,MAR.5_1,SWPO,0.03296,0.02469,0.01847,0.0171,0.02462
MAR,MAR.8_1,SWPO,0.00577,0.004726,0.004927,0.01281,0.01541
MAR,MAR.9_1,SWPO,0.03826,0.03006,0.02416,0.02412,0.02526
MDG,MDG.1_1,SWPO,0.7355,0.5848,0.5202,0.4648,0.4135
MDG,MDG.2_1,SWPO,3.067,2.709,2.82,2.835,2.739
MDG,MDG.3_1,SWPO,4.068,3.776,4.091,4.23,4.199
MDG,MDG.4_1,SWPO,4.354,3.702,3.548,3.269,2.987
MDG,MDG.5_1,SWPO,7.332,6.06,5.631,5.155,4.624
MDG,MDG.6_1,SWPO,3.065,2.762,2.764,2.708,2.594
MEX,MEX.10_1,SWPO,6.142e-4,4.796e-4,4.853e-4,4.023e-4,3.47e-4
MEX,MEX.11_1,SWPO,0.006739,0.005534,0.007297,0.005638,0.005951
MEX,MEX.12_1,SWPO,0.07748,0.06345,0.06715,0.04587,0.0393
MEX,MEX.14_1,SWPO,0.01206,0.008396,0.007485,0.003608,0.002052
MEX,MEX.15_1,SWPO,0.02274,0.02064,0.025,0.01996,0.02267
MEX,MEX.16_1,SWPO,0.0148,0.01325,0.01531,0.01169,0.0109
MEX,MEX.17_1,SWPO,0.009977,0.007697,0.007595,0.006467,0.01046
MEX,MEX.1_1,SWPO,0.03042,0.02484,0.0261,0.01688,0.01345
MEX,MEX.20_1,SWPO,0.2421,0.1904,0.1931,0.122,0.09704
MEX,MEX.21_1,SWPO,0.03443,0.02827,0.03124,0.02294,0.02181
MEX,MEX.22_1,SWPO,0.2963,0.1964,0.1554,0.05597,0.01177
MEX,MEX.23_1,SWPO,2.611,1.424,1.439,1.57,1.472
MEX,MEX.24_1,SWPO,0.1616,0.1469,0.181,0.1421,0.1538
MEX,MEX.27_1,SWPO,247.4,112.5,62.03,38.75,10.69
MEX,MEX.28_1,SWPO,1.135,0.9048,0.935,0.6097,0.5262
MEX,MEX.2_1,SWPO,0.01746,0.0151,0.01713,0.01338,0.01255
MEX,MEX.30_1,SWPO,4.98,3.218,2.52,1.053,0.3567
MEX,MEX.31_1,SWPO,0.5256,0.4374,0.471,0.3205,0.2777
MEX,MEX.32_1,SWPO,3.993e-4,3.38e-4,3.736e-4,3.572e-4,3.306e-4
MEX,MEX.5_1,SWPO,23.98,10.47,5.333,2.892,0.7528
MEX,MEX.6_1,SWPO,0.001012,6.647e-4,5.867e-4,3.578e-4,2.994e-4
MEX,MEX.7_1,SWPO,0.04397,0.0246,0.01127,9.35e-4,0
MEX,MEX.8_1,SWPO,0.06663,0.06714,0.08617,0.07694,0.08648
MLI,MLI.1_1,SWPO,0,0,0,0.002974,0.003875
MLI,MLI.3_1,SWPO,0.1203,0.1394,0.1681,0.1554,0.1896
MLI,MLI.5_1,SWPO,0.0291,0.03334,0.03916,0.03386,0.04253
MLI,MLI.6_1,SWPO,0.009162,0.009185,0.009872,0.00686,0.006495
MLI,MLI.7_1,SWPO,0.02109,0.02409,0.02831,0.02209,0.02391
MLI,MLI.8_1,SWPO,0.1345,0.1519,0.1763,0.1539,0.1743
MMR,MMR.10_1,SWPO,0.004698,0.004713,0.005818,0.006707,0.006866
MMR,MMR.11_1,SWPO,1.403,1.493,1.513,1.621,1.712
MMR,MMR.12_1,SWPO,0.5577,0.5791,0.5596,0.5716,0.5733
MMR,MMR.13_1,SWPO,4.237,3.927,3.574,3.225,2.872
MMR,MMR.14_1,SWPO,9.449,10.13,10.34,10.65,10.75
MMR,MMR.1_1,SWPO,2.977,2.029,1.255,0.6594,0.3957
MMR,MMR.2_1,SWPO,5.747,5.347,4.68,4.039,3.456
MMR,MMR.3_1,SWPO,3.79,3.903,4.012,4.13,4.335
MMR,MMR.4_1,SWPO,7.493,8.917,9.041,9.328,9.376
MMR,MMR.5_1,SWPO,1.435,1.45,1.469,1.457,1.463
MMR,MMR.6_1,SWPO,6.281,6.79,7.101,7.343,7.557
MMR,MMR.7_1,SWPO,0.07649,0.07382,0.07,0.07331,0.07417
MMR,MMR.8_1,SWPO,0.2344,0.2568,0.2726,0.3,0.329
MMR,MMR.9_1,SWPO,3.314,3.675,3.893,4.169,4.339
MNG,MNG.6_1,SWPO,3715,3129,2565,1962,1379
MOZ,MOZ.10_1,SWPO,0.2685,0.2606,0.2641,0.2917,0.3044
MOZ,MOZ.11_1,SWPO,0.9327,0.9607,0.9828,1.085,1.116
MOZ,MOZ.1_1,SWPO,3.746,3.281,2.986,3.22,3.161
MOZ,MOZ.2_1,SWPO,0.3845,0.3842,0.3613,0.3942,0.3656
MOZ,MOZ.3_1,SWPO,4.375,3.593,3.068,2.982,2.463
MOZ,MOZ.4_1,SWPO,1.969,2.033,2.145,2.611,2.657
MOZ,MOZ.5_1,SWPO,0.9126,0.7635,0.6784,0.6863,0.5943
MOZ,MOZ.6_1,SWPO,0.3276,0.2959,0.2744,0.2997,0.2715
MOZ,MOZ.7_1,SWPO,1.136,1.004,0.9372,1.015,0.9674
MOZ,MOZ.8_1,SWPO,0.6445,0.5949,0.569,0.5758,0.5982
MOZ,MOZ.9_1,SWPO,2.783,2.703,2.799,3.244,3.263
MRT,MRT.6_1,SWPO,0.001534,0.001081,6.507e-4,2.161e-4,0
MRT,MRT.8_1,SWPO,0,0,0,0,0
MUS,MUS.12_1,SWPO,0.06694,0.01777,0.01377,0.008642,0.00824
MUS,MUS.2_1,SWPO,0.2024,0.05616,0.04546,0.03,0.03012
MUS,MUS.3_1,SWPO,0.2345,0.06551,0.05354,0.0358,0.0367
MUS,MUS.4_1,SWPO,0.1076,0.02947,0.02353,0.01528,0.01507
MUS,MUS.5_1,SWPO,0.8199,0.2313,0.1912,0.1295,0.1347
MUS,MUS.6_1,SWPO,0.05389,0.01481,0.01185,0.0077210000000000004,0.007651
MUS,MUS.7_1,SWPO,0.2257,0.05961,0.04548,0.0278,0.02513
MUS,MUS.8_1,SWPO,0.03521,0.009691,0.007852,0.00523,0.005396
MUS,MUS.9_1,SWPO,0.1769,0.04741,0.03672,0.02284,0.02112
MWI,MWI.11_1,SWPO,0.1115,0.1232,0.1237,0.1133,0.117
MWI,MWI.12_1,SWPO,0.091,0.1063,0.1355,0.1668,0.1812
MWI,MWI.13_1,SWPO,0.06354,0.06965,0.07309,0.07714,0.08651
MWI,MWI.14_1,SWPO,0.01573,0.01576,0.0164,0.01636,0.018
MWI,MWI.15_1,SWPO,0.165,0.1558,0.1618,0.2171,0.225
MWI,MWI.16_1,SWPO,0.003752,0.003384,0.003848,0.003737,0.004511
MWI,MWI.17_1,SWPO,0.1872,0.1893,0.206,0.2068,0.2584
MWI,MWI.18_1,SWPO,0.03754,0.03478,0.03437,0.032,0.033
MWI,MWI.19_1,SWPO,1.618,1.616,1.668,1.698,1.847
MWI,MWI.1_1,SWPO,0.006395,0.005631,0.005588,0.005004,0.007017
MWI,MWI.20_1,SWPO,0.05154,0.05186,0.0525,0.05356,0.05905
MWI,MWI.21_1,SWPO,0.0195,0.01867,0.01749,0.01704,0.0172
MWI,MWI.22_1,SWPO,0.1278,0.1252,0.129,0.1319,0.1305
MWI,MWI.23_1,SWPO,0.03885,0.03629,0.03682,0.03556,0.0453
MWI,MWI.24_1,SWPO,0.0396,0.04138,0.05483,0.09286,0.09735
MWI,MWI.25_1,SWPO,0.0449,0.04696,0.04843,0.0477,0.05998
MWI,MWI.26_1,SWPO,0.01726,0.01634,0.01532,0.01334,0.01437
MWI,MWI.27_1,SWPO,0.09525,0.08847,0.1094,0.1087,0.1165
MWI,MWI.28_1,SWPO,0.07488,0.07209,0.08425,0.08152,0.08112
MWI,MWI.2_1,SWPO,0.02345,0.02069,0.02925,0.03694,0.05288
MWI,MWI.3_1,SWPO,0.02159,0.01989,0.02034,0.01978,0.02071
MWI,MWI.4_1,SWPO,0.02297,0.0209,0.02092,0.02215,0.02507
MWI,MWI.5_1,SWPO,0.1542,0.1564,0.1604,0.1669,0.1815
MWI,MWI.6_1,SWPO,0.04413,0.05087,0.05347,0.04942,0.05099
MWI,MWI.7_1,SWPO,0.003549,0.003812,0.003795,0.003847,0.004327
MWI,MWI.8_1,SWPO,0.03599,0.0367,0.03731,0.03968,0.04436
MWI,MWI.9_1,SWPO,0.02105,0.02232,0.02357,0.02484,0.03176
MYS,MYS.10_1,SWPO,0.1565,0.1362,0.1544,0.3333,0.2537
MYS,MYS.11_1,SWPO,1.005,1.169,1.45,2.597,2.053
MYS,MYS.12_1,SWPO,0.01035,0.008941,0.008777,0.01195,0.006744
MYS,MYS.13_1,SWPO,18.45,13.96,11.9,14.04,7.236
MYS,MYS.14_1,SWPO,8204,5799,2830,1796,434
MYS,MYS.15_1,SWPO,0.9231,0.867,0.9276,1.433,0.978
MYS,MYS.16_1,SWPO,7.575,6.77,6.976,10.25,6.74
MYS,MYS.1_1,SWPO,6.948,7.148,8.64,15.3,11.75
MYS,MYS.2_1,SWPO,1.151,1.158,1.316,2.247,1.725
MYS,MYS.3_1,SWPO,0.5594,0.6109,0.7558,1.431,1.372
MYS,MYS.6_1,SWPO,2.369,2.117,2.175,3.189,2.014
MYS,MYS.7_1,SWPO,17.38,17.41,20.43,36.53,29.08
MYS,MYS.8_1,SWPO,10.49,10.62,12.33,21.58,16.76
MYS,MYS.9_1,SWPO,0.9339,0.865,0.9269,1.427,0.9684
NAM,NAM.13_1,SWPO,2.061,1.284,1.894,1.055,1.22
NAM,NAM.4_1,SWPO,0.003161,0.002343,0.001586,9.37e-4,5.403e-4
NAM,NAM.7_1,SWPO,0.04189,0.0333,0.02449,0.01709,0.01254
NCL,NCL.2_1,SWPO,1.248,1.395,1.203,1.031,0.8369
NCL,NCL.3_1,SWPO,2.823,3.157,2.73,2.314,1.895
NER,NER.3_1,SWPO,2.229e-4,2.075e-4,2.209e-4,2.986e-4,3.228e-4
NER,NER.4_1,SWPO,0,0,0,0,0
NER,NER.7_1,SWPO,1.882e-5,1.621e-5,8.665e-4,0.003346,0.003446
NGA,NGA.10_1,SWPO,0.6889,0.7205,0.8863,0.865,0.9115
NGA,NGA.11_1,SWPO,0.1228,0.1279,0.1225,0.119,0.2772
NGA,NGA.12_1,SWPO,1.007,0.9617,0.9703,0.9583,1.002
NGA,NGA.13_1,SWPO,0.5518,0.6659,0.7666,0.86,0.9354
NGA,NGA.14_1,SWPO,0.2193,0.2794,0.3054,0.3363,0.4751
NGA,NGA.15_1,SWPO,0.2706,0.2462,0.23,0.2101,0.2064
NGA,NGA.16_1,SWPO,0.3195,0.275,0.2321,12.33,68.21
NGA,NGA.17_1,SWPO,1.682,1.654,1.638,1.617,1.67
NGA,NGA.19_1,SWPO,0.1172,0.1295,0.1612,0.1917,0.2087
NGA,NGA.1_1,SWPO,0.5647,0.5994,0.6619,0.6913,0.7336
NGA,NGA.20_1,SWPO,0.02967,0.03364,0.0308,0.02958,0.02671
NGA,NGA.21_1,SWPO,0.02086,0.01788,0.01511,0.01243,0.009906
NGA,NGA.22_1,SWPO,1.19,1.003,0.8271,0.6559,0.4969
NGA,NGA.23_1,SWPO,1.197,1.263,1.528,1.648,2.07
NGA,NGA.24_1,SWPO,1.306,1.251,1.239,1.203,1.272
NGA,NGA.25_1,SWPO,2.303,2.788,3.1,3.402,3.622
NGA,NGA.26_1,SWPO,0.09394,0.09176,0.09429,0.09452,0.1119
NGA,NGA.27_1,SWPO,0.4669,0.4793,0.4352,0.3817,0.3316
NGA,NGA.28_1,SWPO,4.028,4.44,4.625,4.736,5.186
NGA,NGA.29_1,SWPO,0.3637,0.3873,0.4028,0.4273,0.49370000000000003
NGA,NGA.2_1,SWPO,0.3031,0.3025,0.3233,0.3145,0.3247
NGA,NGA.30_1,SWPO,0.3529,0.3821,0.4025,0.4454,0.4756
NGA,NGA.31_1,SWPO,0.2452,0.2186,0.1922,0.1738,0.1572
NGA,NGA.32_1,SWPO,0.04509,0.04899,0.05423,0.07152,0.1032
NGA,NGA.33_1,SWPO,0.9161,0.9014,0.9522,1.018,1.148
NGA,NGA.35_1,SWPO,0.2722,0.265,0.2872,0.2975,0.3555
NGA,NGA.37_1,SWPO,0.003621,0.002516,0.001648,9.765e-4,5.164e-4
NGA,NGA.3_1,SWPO,2.085,2.223,2.55,2.708,2.83
NGA,NGA.4_1,SWPO,0.5257,0.5798,0.6071,0.6077,0.6896
NGA,NGA.5_1,SWPO,0.04078,0.03609,0.03493,0.04017,0.05657
NGA,NGA.6_1,SWPO,0.5501,0.5254,0.7074,0.6957,0.6804
NGA,NGA.7_1,SWPO,0.05326,0.04908,0.04716,0.0446,0.05486
NGA,NGA.8_1,SWPO,0.3354,0.2865,0.2335,0.1918,0.1626
NGA,NGA.9_1,SWPO,0.6409,0.7684,0.7718,0.8339,0.8329
NIC,NIC.10_1,SWPO,4.493,5.271,5.926,8.234,6.656
NIC,NIC.12_1,SWPO,0.2519,0.2157,0.1878,0.1543,0.1459
NIC,NIC.16_1,SWPO,10.04,8.072,6.351,4.723,3.923
NIC,NIC.18_1,SWPO,0.003951,0.001681,0.001314,0.001018,2.66e-4
NIC,NIC.1_1,SWPO,19.46,18.85,17.04,20.7,24.27
NIC,NIC.5_1,SWPO,0.01876,0.01632,0.01434,0.01405,0.01333
NIC,NIC.9_1,SWPO,8.467,7.688,6.921,6.745,7.808
NPL,NPL.2_1,SWPO,0.01713,0.01633,0.01669,0.01427,0.04026
NPL,NPL.3_1,SWPO,0.002634,0.003822,0.003331,0.003302,0.005913
NPL,NPL.4_1,SWPO,0.1694,0.1476,0.1163,0.08546,0.06627
NPL,NPL.5_1,SWPO,0.144,0.1292,0.10780000000000001,0.08585,0.07258
NZL,NZL.11_1,SWPO,3.654,3.634,3.505,3.377,3.35
NZL,NZL.1_1,SWPO,2.566,1.787,1.151,0.6591,0.2275
PAK,PAK.5_1,SWPO,4992,3986,3496,1528,1245
PAK,PAK.7_1,SWPO,0.004766,0.004115,0.004002,0.002038,0.00208
PAK,PAK.8_1,SWPO,0,0,0,0,0.002217
PER,PER.17_1,SWPO,57.13,49.91,42.6,32.38,26.37
PER,PER.21_1,SWPO,0.9962,0.8812,0.8539,0.7565,0.6678
PER,PER.26_1,SWPO,10.38,12.09,12.3,15.07,17.91
PHL,PHL.10_1,SWPO,0.315,0.23,0.1542,0.1006,0.05742
PHL,PHL.12_1,SWPO,0.02398,0.02255,0.02164,0.0244,0.0296
PHL,PHL.13_1,SWPO,0.3853,0.2698,0.1785,0.133,0.08885
PHL,PHL.14_1,SWPO,0.01454,0.009775,0.005703,0.002831,6.861e-4
PHL,PHL.15_1,SWPO,0.07501,0.07182,0.1277,0.126,0.1154
PHL,PHL.16_1,SWPO,0.6231,0.5653,0.4961,0.4695,0.4087
PHL,PHL.17_1,SWPO,0.2301,0.1717,0.1288,0.1055,0.09136
PHL,PHL.18_1,SWPO,0.30620000000000003,0.275,0.2363,0.2229,0.1869
PHL,PHL.19_1,SWPO,2.466,2.569,2.536,3.016,2.892
PHL,PHL.1_1,SWPO,0.1927,0.1521,0.1118,0.08944,0.06584
PHL,PHL.20_1,SWPO,0.2581,0.2304,0.1984,0.181,0.1478
PHL,PHL.21_1,SWPO,0,0,0,0,0
PHL,PHL.22_1,SWPO,0.1575,0.1394,0.1231,0.1163,0.09767
PHL,PHL.23_1,SWPO,0.1064,0.09954,0.08866,0.08621,0.08342
PHL,PHL.24_1,SWPO,0.01786,0.01781,0.01726,0.01843,0.02076
PHL,PHL.25_1,SWPO,0.1283,0.114,0.09935,0.090939999999999993,0.07431
PHL,PHL.26_1,SWPO,0.464,0.457,0.4407,0.4546,0.442
PHL,PHL.27_1,SWPO,0.3438,0.361,0.3703,0.4082,0.4182
PHL,PHL.28_1,SWPO,0.07565,0.06494,0.05527,0.05141,0.04739
PHL,PHL.29_1,SWPO,0.3332,0.3358,0.3194,0.3381,0.3234
PHL,PHL.2_1,SWPO,0.3057,0.271,0.2304,0.2152,0.1959
PHL,PHL.30_1,SWPO,4.976,4.282,3.524,3.04,2.295
PHL,PHL.31_1,SWPO,0.4432,0.4487,0.4238,0.4354,0.4206
PHL,PHL.32_1,SWPO,0.2426,0.1963,0.1524,0.1232,0.08561
PHL,PHL.33_1,SWPO,0.1391,0.1111,0.08315,0.0665,0.04885
PHL,PHL.34_1,SWPO,0.3202,0.2794,0.2357,0.2112,0.1701
PHL,PHL.35_1,SWPO,0.04123,0.03098,0.02208,0.01672,0.01193
PHL,PHL.36_1,SWPO,0.0905,0.07454,0.06173,0.05613,0.04626
PHL,PHL.37_1,SWPO,0.1676,0.1414,0.1119,0.1036,0.09539
PHL,PHL.38_1,SWPO,2.628,2.188,1.726,1.442,1.061
PHL,PHL.39_1,SWPO,0.2192,0.1801,0.1402,0.1147,0.08166
PHL,PHL.3_1,SWPO,0.9965,0.9873,0.932,0.9463,0.9077
PHL,PHL.40_1,SWPO,0.1801,0.1696,0.1611,0.1657,0.1526
PHL,PHL.41_1,SWPO,0.2017,0.2215,0.2221,0.2459,0.2446
PHL,PHL.42_1,SWPO,0.7495,0.7419,0.7271,0.7832,0.8008
PHL,PHL.43_1,SWPO,0.1427,0.1307,0.1163,0.1111,0.09743
PHL,PHL.44_1,SWPO,5.569,4.883,4.092,3.651,2.881
PHL,PHL.45_1,SWPO,1.004,0.816,0.6314,0.5082,0.357
PHL,PHL.46_1,SWPO,1.618,1.413,1.179,1.045,0.8169
PHL,PHL.47_1,SWPO,0.002977,0.001388,4.159e-4,2.048e-4,6.679e-5
PHL,PHL.48_1,SWPO,0.2434,0.2605,0.2526,0.2674,0.2588
PHL,PHL.49_1,SWPO,0.3796,0.341,0.293,0.271,0.2265
PHL,PHL.4_1,SWPO,0.1578,0.1356,0.1121,0.09751,0.07491
PHL,PHL.50_1,SWPO,0.6722,0.5671,0.4582,0.4059,0.3228
PHL,PHL.51_1,SWPO,0.4451,0.3806,0.3135,0.2719,0.2077
PHL,PHL.52_1,SWPO,1.369,1.174,0.9576,0.8251,0.6206
PHL,PHL.53_1,SWPO,0.1979,0.1749,0.1475,0.1348,0.1182
PHL,PHL.54_1,SWPO,0.3247,0.3165,0.2962,0.3017,0.2881
PHL,PHL.55_1,SWPO,0.8849,0.8225,0.7391,0.7408,0.7051
PHL,PHL.56_1,SWPO,0.5511,0.4626,0.3725,0.3374,0.2657
PHL,PHL.57_1,SWPO,0.3432,0.2951,0.2475,0.2219,0.1778
PHL,PHL.58_1,SWPO,1.469,1.43,1.31,1.33,1.202
PHL,PHL.59_1,SWPO,0.3609,0.3626,0.4083,0.4255,0.431
PHL,PHL.5_1,SWPO,0.05384,0.04918,0.04217,0.03904,0.03341
PHL,PHL.60_1,SWPO,0.1308,0.1074,0.08602,0.0766,0.06287
PHL,PHL.61_1,SWPO,0.2348,0.2459,0.2269,0.2231,0.2017
PHL,PHL.62_1,SWPO,0.2815,0.2655,0.2466,0.2462,0.2254
PHL,PHL.63_1,SWPO,0.595,0.578,0.5217,0.5144,0.4668
PHL,PHL.64_1,SWPO,1.019,0.7538,0.5008,0.3116,0.1665
PHL,PHL.65_1,SWPO,0.5152,0.4485,0.3744,0.3297,0.2562
PHL,PHL.66_1,SWPO,0.3267,0.3193,0.2984,0.3001,0.2901
PHL,PHL.67_1,SWPO,0.1328,0.1187,0.1095,0.1133,0.1129
PHL,PHL.68_1,SWPO,0.006137,0.005172,0.004304,0.00428,0.003706
PHL,PHL.69_1,SWPO,0.1044,0.09679,0.08726,0.08642,0.07785
PHL,PHL.6_1,SWPO,0.1939,0.173,0.1525,0.1408,0.1164
PHL,PHL.70_1,SWPO,0.09846,0.08753,0.07836,0.08064,0.08473
PHL,PHL.71_1,SWPO,0.1174,0.1016,0.3291,0.3235,0.2917
PHL,PHL.72_1,SWPO,0.2137,0.1883,0.166,0.1586,0.1456
PHL,PHL.73_1,SWPO,0.2855,0.3007,0.3096,0.322,0.3083
PHL,PHL.74_1,SWPO,0.09941,0.1019,0.1443,0.1411,0.1289
PHL,PHL.75_1,SWPO,0.6374,0.6075,0.5702,0.5747,0.5354
PHL,PHL.76_1,SWPO,0.247,0.1752,0.1123,0.07119,0.03443
PHL,PHL.77_1,SWPO,0.6766,0.6436,0.598,0.6411,0.6393
PHL,PHL.78_1,SWPO,0.09235,0.07585,0.06001,0.05113,0.0408
PHL,PHL.79_1,SWPO,0.3961,0.3641,0.3375,0.3272,0.2955
PHL,PHL.7_1,SWPO,2.499,1.941,1.414,1.062,0.6988
PHL,PHL.80_1,SWPO,0.1181,0.1139,0.1169,0.1182,0.1093
PHL,PHL.81_1,SWPO,0.2398,0.2273,0.2194,0.218,0.208
PHL,PHL.8_1,SWPO,0.5272,0.5167,0.4654,0.4737,0.4686
PHL,PHL.9_1,SWPO,0.2667,0.2618,0.2516,0.258,0.2418
PNG,PNG.10_1,SWPO,1.276,1.388,1.461,1.518,1.552
PNG,PNG.11_1,SWPO,12.15,12.43,12.73,13.61,13.91
PNG,PNG.13_1,SWPO,8.796,8.474,8.381,8.563,8.563
PNG,PNG.14_1,SWPO,4.25,4.224,5.361,5.555,5.545
PNG,PNG.15_1,SWPO,0.4823,0.5245,0.5141,0.4875,0.4648
PNG,PNG.16_1,SWPO,438.1,485.4,567.2,543.1,532.7
PNG,PNG.17_1,SWPO,3.736,3.903,4.42,4.754,4.969
PNG,PNG.18_1,SWPO,43.42,40.95,39.3,37.79,35.95
PNG,PNG.19_1,SWPO,1.58,1.583,1.661,1.71,1.705
PNG,PNG.1_1,SWPO,69.05,73.2,84.16,84.06,86.41
PNG,PNG.20_1,SWPO,38.51,39.59,44.77,52.3,53.91
PNG,PNG.21_1,SWPO,0.5574,0.5932,0.6211,0.6636,0.6891
PNG,PNG.22_1,SWPO,55.46,55.81,56.81,59.29,59.28
PNG,PNG.2_1,SWPO,11.37,10.72,10.64,10.55,10.24
PNG,PNG.3_1,SWPO,3.924,4.112,4.295,4.486,4.442
PNG,PNG.4_1,SWPO,74.35,75.4,81.44,78.91,76.08
PNG,PNG.5_1,SWPO,4.035,4.115,4.378,4.558,4.632
PNG,PNG.6_1,SWPO,16.33,14.18,12.11,10.09,8.038
PNG,PNG.7_1,SWPO,2.213,2.237,2.333,2.393,2.458
PNG,PNG.8_1,SWPO,39.12,22.86,11.16,3.64,0.2845
PNG,PNG.9_1,SWPO,10.48,10.79,10.87,11.42,11.2
PRI,PRI.12_1,SWPO,0.07172,0.07575,0.09932,0.08794,0.08181
PRI,PRI.22_1,SWPO,0.05447,0.02807,0.01229,0.004577,8.774e-4
PRI,PRI.29_1,SWPO,3.839,3.767,4.319,3.11,2.307
PRI,PRI.35_1,SWPO,0.06813,0.07033,0.08629,0.09891,0.09246
PRI,PRI.37_1,SWPO,0.3083,0.3064,0.3581,0.2662,0.2087
PRI,PRI.3_1,SWPO,0.5232,0.5186,0.603,0.4448,0.3449
PRI,PRI.41_1,SWPO,0.08772,0.08671,0.1004,0.07349,0.05604
PRI,PRI.50_1,SWPO,0.2569,0.2784,0.3619,0.3081,0.2899
PRI,PRI.51_1,SWPO,0.751,0.7473,0.8746,0.6506,0.5106
PRI,PRI.62_1,SWPO,0.49370000000000003,0.4991,0.596,0.4557,0.3723
PRI,PRI.63_1,SWPO,0,0,0,0,0
PRI,PRI.64_1,SWPO,0.1085,0.1124,0.1379,0.1105,0.09296
PRI,PRI.68_1,SWPO,0.02048,0.01199,0.008567,0.004283,0.001377
PRK,PRK.10_1,SWPO,2.361,1.985,1.634,1.296,0.9818
PRK,PRK.11_1,SWPO,0.2218,0.1869,0.1529,0.1205,0.09012
PRK,PRK.12_1,SWPO,3.82e-4,3.376e-4,2.932e-4,2.488e-4,2.044e-4
PRK,PRK.13_1,SWPO,1.241,1.102,0.9517,0.8008,0.652
PRK,PRK.1_1,SWPO,5.838,5.1,4.369,3.647,2.93
PRK,PRK.2_1,SWPO,2.147,1.883,1.611,1.357,1.104
PRK,PRK.3_1,SWPO,2.447,2.079,1.729,1.399,1.082
PRK,PRK.4_1,SWPO,2.608,2.222,1.845,1.48,1.124
PRK,PRK.5_1,SWPO,0.2819,0.2417,0.2014,0.1613,0.1397
PRK,PRK.6_1,SWPO,0.496,0.4299,0.3639,0.2978,0.2318
PRK,PRK.7_1,SWPO,6.153,5.339,4.526,3.72,2.917
PRK,PRK.8_1,SWPO,27.38,23.92,20.46,17.01,13.57
PRK,PRK.9_1,SWPO,3.13,2.682,2.236,1.796,1.368
PRY,PRY.10_1,SWPO,3.345,2.698,3.762,3.413,2.499
PRY,PRY.11_1,SWPO,4.024,2.938,3.477,2.548,1.412
PRY,PRY.12_1,SWPO,0.6439,0.5535,0.7508,0.7016,0.5222
PRY,PRY.13_1,SWPO,0.635,0.5086,0.6675,0.5987,0.4813
PRY,PRY.14_1,SWPO,0.2167,0.2257,0.4335,0.5062,0.5691
PRY,PRY.15_1,SWPO,0.5637,0.4448,0.6258,0.5692,0.4839
PRY,PRY.16_1,SWPO,0.7217,0.6008,0.8658,0.8219,0.6685
PRY,PRY.17_1,SWPO,1.073,0.809,1.026,0.8071,0.4932
PRY,PRY.18_1,SWPO,2.303,2.281,3.925,4.359,3.744
PRY,PRY.1_1,SWPO,1.702,1.45,2.067,2.024,1.577
PRY,PRY.2_1,SWPO,1.018,0.9021,1.359,1.381,1.109
PRY,PRY.3_1,SWPO,1.984,1.63,2.296,2.285,1.823
PRY,PRY.4_1,SWPO,0.9699,0.6883,0.7122,0.2731,0
PRY,PRY.5_1,SWPO,1.548,1.21,1.62,1.432,0.961
PRY,PRY.6_1,SWPO,2.623,2.475,4.02,4.302,3.651
PRY,PRY.7_1,SWPO,1.726,1.416,1.983,1.9,1.496
PRY,PRY.8_1,SWPO,1.661,1.526,2.39,2.481,2.058
PRY,PRY.9_1,SWPO,0.6257,0.4414,0.5202,0.4324,0.2655
PSE,PSE.2_1,SWPO,7.691e-5,6.048e-5,6.199e-5,5.493e-5,3.9e-5
RUS,RUS.28_1,SWPO,0,0,0,0,0
RUS,RUS.3_1,SWPO,0.01817,0.01674,0.01546,0.01393,0.01253
RUS,RUS.56_1,SWPO,0,0,0,0,0
RUS,RUS.82_1,SWPO,0,0,0,0,0
RUS,RUS.83_1,SWPO,0,0,0,0,0
RWA,RWA.1_1,SWPO,1.408,0.9603,0.6834,0.5366,0.4087
RWA,RWA.2_1,SWPO,0.007768,0.007866,0.00865,0.01037,0.01144
RWA,RWA.3_1,SWPO,0.05132,0.05693,0.05572,0.06111,0.06344
RWA,RWA.4_1,SWPO,0.1579,0.1754,0.1848,0.2102,0.2355
RWA,RWA.5_1,SWPO,0.03248,0.03099,0.03042,0.03254,0.03058
SDN,SDN.13_1,SWPO,3.862e-4,3.482e-4,4.122e-4,7.526e-4,8.095e-4
SDN,SDN.14_1,SWPO,0.002585,0.002354,0.002285,0.01184,0.01786
SDN,SDN.15_1,SWPO,0.01026,0.009416,0.009173,0.00806,0.007451
SDN,SDN.16_1,SWPO,0.001098,0.005185,0.005731,0.01787,0.02519
SDN,SDN.17_1,SWPO,0.02378,0.02112,0.01927,0.01702,0.0152
SDN,SDN.18_1,SWPO,0,0,0,0,0
SDN,SDN.2_1,SWPO,5.559e-4,4.923e-4,4.475e-4,3.877e-4,3.41e-4
SDN,SDN.3_1,SWPO,0.01873,0.01459,0.01203,0.0123,0.0121
SDN,SDN.4_1,SWPO,5.509e-4,4.956e-4,4.538e-4,0.001363,0.001854
SDN,SDN.5_1,SWPO,0.02135,0.01926,0.01789,0.01592,0.01448
SDN,SDN.9_1,SWPO,0,0,0,0,0
SEN,SEN.11_1,SWPO,1.405,1.047,1.117,1.125,1.127
SEN,SEN.12_1,SWPO,0.2016,0.1214,0.07636,0.04869,0.02142
SEN,SEN.14_1,SWPO,2.118,1.741,1.965,2.167,2.161
SEN,SEN.6_1,SWPO,0.2108,0.2135,0.1907,0.2087,0.2057
SEN,SEN.7_1,SWPO,1.058,0.9204,0.929,1.109,1.372
SGP,SGP.4_1,SWPO,0.002702,0.002496,0.00268,0.0234,0.01727
SGP,SGP.5_1,SWPO,0.01201,0.01091,0.01233,0.01902,0.01313
SLB,SLB.10_1,SWPO,72.62,58.72,45.16,33.52,23.57
SLB,SLB.2_1,SWPO,1470,1156,852.8,583.3,369
SLB,SLB.3_1,SWPO,0.5109,0.511,0.5013,0.4847,0.4657
SLB,SLB.4_1,SWPO,0.4158,0.3937,0.3629,0.3337,0.3063
SLB,SLB.5_1,SWPO,38.34,34.61,30,28.06,24.73
SLB,SLB.6_1,SWPO,107.8,91.19,73.66,57.46,42.29
SLB,SLB.7_1,SWPO,20.92,18,15.2,12.37,9.771
SLB,SLB.8_1,SWPO,346.8,307,260.1,214.2,169.4
SLE,SLE.1_1,SWPO,1.85,1.277,1.054,1.198,1.015
SLE,SLE.2_1,SWPO,1.232,0.9056,0.8149,0.9987,0.9444
SLE,SLE.3_1,SWPO,2.437,1.71,1.484,1.756,1.613
SLE,SLE.4_1,SWPO,1.308,1.067,1.01,1.338,1.242
SLV,SLV.10_1,SWPO,0.051,0.04531,0.04114,0.03919,0.03627
SLV,SLV.11_1,SWPO,0.4933,0.4395,0.3905,0.3447,0.2941
SLV,SLV.12_1,SWPO,0.9226,0.9459,0.9801,1.018,1.046
SLV,SLV.13_1,SWPO,0.1327,0.1344,0.1332,0.1333,0.138
SLV,SLV.14_1,SWPO,0.3437,0.3058,0.2699,0.2417,0.2162
SLV,SLV.1_1,SWPO,0.1439,0.1365,0.1308,0.1237,0.1209
SLV,SLV.2_1,SWPO,0.1797,0.1307,0.09485,0.06921,0.05063
SLV,SLV.3_1,SWPO,0.08238,0.0714,0.06432,0.05724,0.05152
SLV,SLV.4_1,SWPO,0.4181,0.3122,0.2376,0.1831,0.1437
SLV,SLV.5_1,SWPO,0.2155,0.2186,0.2271,0.223,0.2252
SLV,SLV.6_1,SWPO,0.2562,0.2237,0.1966,0.178,0.1559
SLV,SLV.7_1,SWPO,1.102,0.9028,0.7187,0.5515,0.3989
SLV,SLV.8_1,SWPO,0.3879,0.306,0.2322,0.1735,0.1261
SLV,SLV.9_1,SWPO,0.6603,0.55,0.4471,0.351,0.2627
SOM,SOM.10_1,SWPO,1.747,1.968,2.037,2.124,2.384
SOM,SOM.14_1,SWPO,0.138,0.1124,0.09255,0.07267,0.0544
SOM,SOM.15_1,SWPO,0.04867,0.05716,0.0564,0.06256,0.06254
SOM,SOM.5_1,SWPO,0.1723,0.1588,0.1476,0.1365,0.198
SOM,SOM.9_1,SWPO,9.304,10.52,10.65,10.94,12.59
SSD,SSD.1_1,SWPO,2.067,1.503,0.9802,0.6748,0.4723
SSD,SSD.5_1,SWPO,74.21,62.04,52.72,41.89,32.73
SSD,SSD.7_1,SWPO,11.92,10,8.504,6.751,5.252
SSD,SSD.9_1,SWPO,1.51,1.417,1.394,1.642,1.99
SUR,SUR.10_1,SWPO,1.083,2.295,1.156,0.8113,0.9059
SUR,SUR.2_1,SWPO,16.91,37.64,19.8,14.3,16.91
SUR,SUR.5_1,SWPO,0.4865,1.025,0.5745,0.7462,2.639
SUR,SUR.6_1,SWPO,12.27,28.15,15.51,12.14,14.27
SUR,SUR.7_1,SWPO,3.093,6.658,3.402,2.589,2.931
SUR,SUR.8_1,SWPO,3.648,8.062,4.362,3.369,4.244
SWZ,SWZ.1_1,SWPO,0.8712,0.8059,0.7081,0.6078,0.5399
SWZ,SWZ.2_1,SWPO,1.1,1.822,2.324,2.34,2.287
SWZ,SWZ.3_1,SWPO,1.059,1.113,1.069,1.187,1.486
SWZ,SWZ.4_1,SWPO,0.9592,0.9422,0.9033,0.8501,0.9472
TCD,TCD.10_1,SWPO,19.64,17.81,13.42,10.82,8.299
TCD,TCD.11_1,SWPO,0.3849,0.4009,0.3628,0.3601,0.3642
TCD,TCD.12_1,SWPO,0.5617,0.61,0.5713,0.6138,0.6715
TCD,TCD.13_1,SWPO,1.505,1.585,1.481,1.571,1.563
TCD,TCD.14_1,SWPO,0.08242,0.07912,0.06392,0.0569,0.0555
TCD,TCD.15_1,SWPO,0.4284,0.4421,0.4222,0.4186,0.4344
TCD,TCD.16_1,SWPO,0.7018,0.7335,0.6775,0.748,0.8146
TCD,TCD.17_1,SWPO,0,0,0,0,0
TCD,TCD.18_1,SWPO,0.156,0.1569,0.1482,0.1803,0.3359
TCD,TCD.19_1,SWPO,0.131,0.1166,0.09202,0.07854,0.06641
TCD,TCD.20_1,SWPO,0.5824,0.6643,0.6955,0.7797,0.8375
TCD,TCD.2_1,SWPO,0.05202,0.04844,0.03781,0.03206,0.02654
TCD,TCD.4_1,SWPO,0.04104,0.04356,0.04051,0.04853,0.06957
TCD,TCD.7_1,SWPO,0.5957,0.6401,0.5989,0.6895,0.8636
TCD,TCD.8_1,SWPO,0.006753,0.006113,0.004712,0.005606,0.009212
TGO,TGO.1_1,SWPO,0.4368,0.4688,0.5063,0.7117,0.8212
TGO,TGO.2_1,SWPO,0.1973,0.1881,0.1913,0.2478,0.2846
TGO,TGO.3_1,SWPO,0.126,0.116,0.1057,0.1118,0.1049
TGO,TGO.4_1,SWPO,0.2563,0.2634,0.2715,0.3821,0.3889
TGO,TGO.5_1,SWPO,0.02424,0.02202,0.02017,0.02384,0.0216
THA,THA.11_1,SWPO,1.456,1.264,1.073,0.8838,0.6955
THA,THA.13_1,SWPO,5.994,5.135,3.932,2.896,2.064
THA,THA.16_1,SWPO,4.549,4.455,4.288,4.652,4.516
THA,THA.1_1,SWPO,0.1851,0.1712,0.1698,0.1772,0.1898
THA,THA.21_1,SWPO,0.04363,0.0361,0.03065,0.02606,0.02117
THA,THA.23_1,SWPO,1.2,1.475,1.512,1.449,1.358
THA,THA.25_1,SWPO,0.01412,0.01181,0.009489,0.007288,0.005206
THA,THA.28_1,SWPO,0.6403,0.5512,0.4695,0.4147,0.348
THA,THA.32_1,SWPO,0.372,0.3618,0.3404,0.3345,0.3357
THA,THA.33_1,SWPO,0.4787,0.4355,0.4613,0.7961,0.6797
THA,THA.35_1,SWPO,0.06524,0.05579,0.0464,0.04163,0.04138
THA,THA.41_1,SWPO,0.3899,0.3373,0.2851,0.2353,0.1881
THA,THA.43_1,SWPO,0,0,0,0,0
THA,THA.45_1,SWPO,18.99,17.45,15.9,14.36,12.82
THA,THA.4_1,SWPO,1.315,1.392,1.413,1.452,1.487
THA,THA.50_1,SWPO,1.28,1.345,1.291,1.374,1.555
THA,THA.51_1,SWPO,13.76,14.62,14.58,15.62,16.64
THA,THA.52_1,SWPO,0,0,0,0,0
THA,THA.55_1,SWPO,0.09804,0.1195,0.1465,0.151,0.1835
THA,THA.5_1,SWPO,0.0121,0.01232,0.009756,0.006785,0.004499
THA,THA.61_1,SWPO,2.408,2.107,2.107,2.952,1.749
THA,THA.62_1,SWPO,0,0,0,0,0
THA,THA.64_1,SWPO,1.908,1.91,2.204,3.902,3.151
THA,THA.68_1,SWPO,0.2758,0.3245,0.3137,0.2942,0.2634
THA,THA.69_1,SWPO,0.5048,0.4979,0.4861,0.5337,0.5493
THA,THA.72_1,SWPO,0.04871,0.03764,0.03096,0.02477,0.01967
THA,THA.75_1,SWPO,0.08963,0.08058,0.07137,0.06132,0.05451
THA,THA.9_1,SWPO,0.0554,0.04908,0.03349,0.02061,0.00844
TLS,TLS.10_1,SWPO,0.1249,0.1204,0.1077,0.07615,0.05526
TLS,TLS.11_1,SWPO,0.6286,0.8168,0.7608,0.5892,0.5003
TLS,TLS.12_1,SWPO,0.8033,0.6435,0.462,0.2495,0.1617
TLS,TLS.13_1,SWPO,0.9546,0.8922,0.785,0.5855,0.468
TLS,TLS.1_1,SWPO,1.103,1.378,1.478,1.343,1.266
TLS,TLS.2_1,SWPO,0.9705,0.9903,0.9956,0.807,0.7069
TLS,TLS.3_1,SWPO,0.2898,0.3402,0.3835,0.3474,0.3736
TLS,TLS.4_1,SWPO,0.3942,0.4233,0.4413,0.4321,0.4463
TLS,TLS.5_1,SWPO,0.3276,0.3459,0.3553,0.3178,0.3091
TLS,TLS.6_1,SWPO,0.4132,0.3835,0.3332,0.2681,0.2916
TLS,TLS.7_1,SWPO,0.8392,0.963,0.9622,0.7991,0.7292
TLS,TLS.8_1,SWPO,0.3296,0.3063,0.2619,0.1776,0.126
TLS,TLS.9_1,SWPO,1.618,1.377,1.064,0.6254,0.3649
TTO,TTO.11_1,SWPO,1.471,1.98,2.744,3.352,2.094
TTO,TTO.12_1,SWPO,19.28,25.42,34.29,40.39,23.98
TTO,TTO.13_1,SWPO,23.58,30.83,41.14,47.75,27.7
TTO,TTO.14_1,SWPO,3.915,5.141,6.9,8.068,4.732
TTO,TTO.15_1,SWPO,0.9971,1.315,1.776,2.095,1.245
TTO,TTO.2_1,SWPO,0.05913,0.07992,0.1115,0.1376,0.08713
TTO,TTO.3_1,SWPO,7.266,9.645,13.14,15.77,9.6
TTO,TTO.4_1,SWPO,1.286,1.697,2.294,2.709,1.612
TTO,TTO.5_1,SWPO,10.98,14.76,20.39,25.2,16.45
TTO,TTO.6_1,SWPO,1.211,1.605,2.199,2.698,1.68
TTO,TTO.7_1,SWPO,52.65,70.46,96.96,117.3,72.38
TTO,TTO.9_1,SWPO,3.781,5.007,6.806,8.102,4.896
TWN,TWN.1_1,SWPO,0.03566,0.0374,0.03495,0.0325,0.03073
TWN,TWN.2_1,SWPO,0.05834,0.05613,0.05087,0.0459,0.04098
TWN,TWN.3_1,SWPO,0.2018,0.1977,0.1982,0.1979,0.1845
TWN,TWN.4_1,SWPO,0.469,0.4959,0.4945,0.5188,0.5288
TWN,TWN.5_1,SWPO,0.09304,0.09887,0.09939,0.1059,0.1129
TWN,TWN.6_1,SWPO,0.009321,0.008719,0.008117,0.007516,0.006915
TWN,TWN.7_1,SWPO,0.1992,0.2025,0.2077,0.2183,0.2278
TZA,TZA.10_1,SWPO,1.331,1.246,1.098,0.9964,1.01
TZA,TZA.11_1,SWPO,0.1597,0.1628,0.161,0.164,0.1744
TZA,TZA.12_1,SWPO,0.1277,0.1192,0.1215,0.1287,0.1361
TZA,TZA.13_1,SWPO,0.7222,0.7779,0.7693,0.7745,0.8252
TZA,TZA.14_1,SWPO,0.1546,0.1443,0.1275,0.112,0.1071
TZA,TZA.15_1,SWPO,1.378,1.384,1.301,1.278,1.342
TZA,TZA.16_1,SWPO,0.04229,0.04024,0.03627,0.03552,0.03828
TZA,TZA.17_1,SWPO,0.248,0.2572,0.251,0.2537,0.2929
TZA,TZA.18_1,SWPO,0.03357,0.02861,0.02218,0.01656,0.01255
TZA,TZA.19_1,SWPO,0.01898,0.01708,0.01423,0.012,0.01053
TZA,TZA.1_1,SWPO,2.402,2.07,1.737,1.444,1.408
TZA,TZA.20_1,SWPO,0.5762,0.5386,0.4827,0.4567,0.4419
TZA,TZA.21_1,SWPO,0.108,0.1019,0.09148,0.08489,0.08736
TZA,TZA.22_1,SWPO,0.3377,0.3396,0.3242,0.3485,0.4237
TZA,TZA.23_1,SWPO,0.1272,0.1308,0.1179,0.11,0.1135
TZA,TZA.24_1,SWPO,0.01364,0.0119,0.009557,0.007531,0.006278
TZA,TZA.25_1,SWPO,0.05851,0.05777,0.05163,0.0502,0.05102
TZA,TZA.26_1,SWPO,0.8871,0.8737,0.828,0.8495,0.8637
TZA,TZA.27_1,SWPO,0.4113,0.4365,0.4427,0.4245,0.4659
TZA,TZA.28_1,SWPO,0.04323,0.03772,0.03021,0.02365,0.01934
TZA,TZA.29_1,SWPO,0.6843,0.6448,0.5659,0.5144,0.5124
TZA,TZA.2_1,SWPO,21.11,19.68,16.61,14.47,12.91
TZA,TZA.30_1,SWPO,0.1114,0.09739,0.07817,0.06138,0.05043
TZA,TZA.31_1,SWPO,0.3637,0.4048,0.4169,0.4244,0.4704
TZA,TZA.3_1,SWPO,0.1194,0.1085,0.09116,0.08093,0.07694
TZA,TZA.4_1,SWPO,0.5144,0.5252,0.5028,0.5059,0.6028
TZA,TZA.5_1,SWPO,0.07672,0.08142,0.07543,0.08144,0.09265
TZA,TZA.6_1,SWPO,0.05947,0.05741,0.05428,0.05241,0.06094
TZA,TZA.7_1,SWPO,0.4048,0.4264,0.4208,0.4506,0.4958
TZA,TZA.8_1,SWPO,0.2432,0.2163,0.1808,0.1519,0.1323
TZA,TZA.9_1,SWPO,0.2279,0.1713,0.1181,0.0786,0.0594
UGA,UGA.10_1,SWPO,0.0239,0.02618,0.02373,0.02352,0.02763
UGA,UGA.11_1,SWPO,0.003685,0.005928,0.004752,0.003839,0.003505
UGA,UGA.12_1,SWPO,2.249,1.545,1.042,0.7106,0.4253
UGA,UGA.13_1,SWPO,0.6718,0.6425,0.5701,0.5612,0.6361
UGA,UGA.14_1,SWPO,0.07039,0.07024,0.06062,0.05477,0.05635
UGA,UGA.17_1,SWPO,0.04996,0.04605,0.03916,0.03847,0.04102
UGA,UGA.18_1,SWPO,0.1339,0.1424,0.1405,0.1404,0.1727
UGA,UGA.19_1,SWPO,0.2394,0.257,0.2464,0.27,0.3405
UGA,UGA.1_1,SWPO,0.01674,0.009833,0.004583,0.001884,5.61e-4
UGA,UGA.20_1,SWPO,0.1781,0.1386,0.1006,0.1006,0.09128
UGA,UGA.21_1,SWPO,0.1174,0.09508,0.07042,0.05911,0.05688
UGA,UGA.22_1,SWPO,0.01589,0.01417,0.01087,0.01033,0.01094
UGA,UGA.23_1,SWPO,0.1992,0.1702,0.1335,0.115,0.1159
UGA,UGA.24_1,SWPO,0.5818,0.4613,0.3551,0.3042,0.3047
UGA,UGA.25_1,SWPO,1.147,1.021,0.9298,1.013,1.109
UGA,UGA.26_1,SWPO,483.1,358.8,264.5,199.2,131.1
UGA,UGA.27_1,SWPO,0.009908,0.00733,0.004903,0.00412,0.003573
UGA,UGA.28_1,SWPO,0.8104,0.6089,0.4177,0.3162,0.2515
UGA,UGA.29_1,SWPO,0.01868,0.0133,0.008301,0.005503,0.003982
UGA,UGA.2_1,SWPO,0.1016,0.1015,0.09568,0.09461,0.1021
UGA,UGA.30_1,SWPO,0.381,0.275,0.1926,0.145,0.1266
UGA,UGA.31_1,SWPO,0,0,0,0,0
UGA,UGA.32_1,SWPO,0.09615,0.08146,0.06377,0.0556,0.05402
UGA,UGA.33_1,SWPO,0.05194,0.06289,0.05755,0.05439,0.05754
UGA,UGA.34_1,SWPO,1.031,0.9514,0.859,0.9278,0.9932
UGA,UGA.35_1,SWPO,0.241,0.2606,0.237,0.2349,0.2726
UGA,UGA.36_1,SWPO,1.01,0.9144,0.8092,0.8759,0.9865
UGA,UGA.37_1,SWPO,0.4908,0.4453,0.3886,0.3636,0.3679
UGA,UGA.38_1,SWPO,0.2459,0.1931,0.1544,0.1236,0.1092
UGA,UGA.39_1,SWPO,0.6924,0.5484,0.3941,0.31,0.2657
UGA,UGA.3_1,SWPO,0.1425,0.1111,0.08018,0.06419,0.05646
UGA,UGA.40_1,SWPO,0.03708,0.02941,0.02125,0.01668,0.01411
UGA,UGA.41_1,SWPO,0.03492,0.01971,0.009073,0.004571,0.002655
UGA,UGA.42_1,SWPO,0.3744,0.3474,0.2991,0.2742,0.2809
UGA,UGA.43_1,SWPO,0.5032,0.4539,0.4119,0.4028,0.4287
UGA,UGA.44_1,SWPO,0.07047,0.0448,0.02778,0.01855,0.01441
UGA,UGA.45_1,SWPO,0.1041,0.08666,0.06676,0.06324,0.06788
UGA,UGA.46_1,SWPO,0.2732,0.2488,0.2107,0.2171,0.2347
UGA,UGA.47_1,SWPO,0.1315,0.1133,0.09194,0.08481,0.08664
UGA,UGA.48_1,SWPO,0.2542,0.2857,0.2583,0.257,0.2967
UGA,UGA.49_1,SWPO,0.006326,0.004552,0.00323,0.002472,0.002191
UGA,UGA.4_1,SWPO,0.2785,0.2504,0.2081,0.2023,0.2127
UGA,UGA.50_1,SWPO,0.0749,0.07046,0.05435,0.04783,0.1068
UGA,UGA.51_1,SWPO,0.4274,0.4262,0.3825,0.3868,0.4601
UGA,UGA.52_1,SWPO,0.1964,0.1986,0.1882,0.2077,0.2548
UGA,UGA.53_1,SWPO,0.7803,0.6898,0.5805,0.524,0.5417
UGA,UGA.54_1,SWPO,0.2008,0.1642,0.1216,0.09989,0.09519
UGA,UGA.55_1,SWPO,0.01413,0.01018,0.006883,0.00515,0.004467
UGA,UGA.56_1,SWPO,0.06761,0.07642,0.07008,0.07237,0.08318
UGA,UGA.57_1,SWPO,0.07851,0.05553,0.03526,0.02402,0.01746
UGA,UGA.58_1,SWPO,0.05359,0.03999,0.02829,0.02288,0.02097
UGA,UGA.5_1,SWPO,0.5334,0.3987,0.2713,0.2176,0.1709
UGA,UGA.6_1,SWPO,0.3051,0.2911,0.2715,0.2792,0.3238
UGA,UGA.7_1,SWPO,0.1188,0.09884,0.07964,0.07244,0.07168
UGA,UGA.8_1,SWPO,0.3134,0.2449,0.1735,0.1334,0.1116
UGA,UGA.9_1,SWPO,0.432,0.3649,0.2986,0.2932,0.3365
URY,URY.10_2,SWPO,0.05175,0.04876,0.04681,0.04506,0.04039
URY,URY.11_2,SWPO,0.03481,0.02872,0.02306,0.01746,0.01265
URY,URY.12_2,SWPO,0.02643,0.02267,0.01908,0.0154,0.01194
URY,URY.13_2,SWPO,0.04106,0.04683,0.08492,0.1002,0.11
URY,URY.14_2,SWPO,0.04368,0.05375,0.05522,0.07144,0.06988
URY,URY.15_2,SWPO,0.0784,0.0722,0.06837,0.0701,0.07319
URY,URY.16_2,SWPO,0.03931,0.04107,0.04579,0.0568,0.05694
URY,URY.17_2,SWPO,0.01783,0.01545,0.01314,0.01071,0.00847
URY,URY.18_2,SWPO,0.1294,0.1246,0.1208,0.153,0.145
URY,URY.19_2,SWPO,0.04771,0.04873,0.06988,0.07166,0.1996
URY,URY.1_2,SWPO,0.06828,0.06121,0.05446,0.05918,0.05556
URY,URY.2_2,SWPO,0.05881,0.05754,0.0575,0.07104,0.06989
URY,URY.3_2,SWPO,0.06618,0.0745,0.07671,0.1186,0.1489
URY,URY.4_2,SWPO,0.02767,0.0277,0.02999,0.03356,0.03404
URY,URY.5_2,SWPO,0.07541,0.07687,0.1528,0.2641,0.3111
URY,URY.6_2,SWPO,0.02473,0.02873,0.02821,0.103,0.1088
URY,URY.7_2,SWPO,0.04596,0.04668,0.05741,0.1703,0.2407
URY,URY.8_2,SWPO,0.0532,0.06527,0.08657,0.10780000000000001,0.1056
URY,URY.9_2,SWPO,0.09236,0.1701,0.1787,0.1892,0.1832
USA,USA.10_1,SWPO,43.09,39.35,37.99,36.93,31.32
USA,USA.11_1,SWPO,108.2,105.8,112.3,118.6,110.2
USA,USA.19_1,SWPO,61.57,57.44,53.47,52.29,42.11
USA,USA.1_1,SWPO,293.1,281.2,296.5,310.6,288.9
USA,USA.21_1,SWPO,42.44,41.91,45.2,55.69,53.34
USA,USA.22_1,SWPO,1197,1149,1249,1438,1377
USA,USA.25_1,SWPO,2.604,2.281,2.137,2.002,1.563
USA,USA.26_1,SWPO,243.6,226.7,228,234.5,570.4
USA,USA.30_1,SWPO,0,0,0,0,0
USA,USA.31_1,SWPO,256.4,254.3,268.3,289.9,260.2
USA,USA.33_1,SWPO,181.3,192.8,207.7,237.8,225.1
USA,USA.34_1,SWPO,0.5493,0.5127,0.5216,0.5408,0.4953
USA,USA.37_1,SWPO,43.32,44.34,49.06,54.46,53.66
USA,USA.39_1,SWPO,1248,1240,1466,1667,1578
USA,USA.41_1,SWPO,34.57,33.9,35.96,38.19,35.39
USA,USA.43_1,SWPO,121.5,122.2,130.2,138.2,132
USA,USA.44_1,SWPO,859.1,751.6,711.8,674,551.1
USA,USA.47_1,SWPO,6.006,5.639,5.739,5.747,4.937
USA,USA.4_1,SWPO,303.9,278.1,269.5,262.7,216.3
USA,USA.50_1,SWPO,41.61,41.12,44.03,48.35,45.8
USA,USA.5_1,SWPO,0.05346,0.05603,0.06454,0.08912,0.08813
USA,USA.7_1,SWPO,2387,2223,2233,2265,1961
USA,USA.8_1,SWPO,113.8,113.9,122,151.7,144.5
VCT,VCT.1_1,SWPO,0.3926,0.5324,0.6561,0.6725,0.435
VCT,VCT.3_1,SWPO,0.1415,0.1929,0.2394,0.2478,0.1625
VCT,VCT.5_1,SWPO,0.01594,0.02074,0.02415,0.02278,0.01289
VCT,VCT.6_1,SWPO,0.05081,0.06809,0.08262,0.08288,0.05191
VEN,VEN.12_1,SWPO,7.153,5.879,5.745,5.855,5.952
VEN,VEN.13_1,SWPO,3.445,3.081,2.773,2.581,2.412
VEN,VEN.14_1,SWPO,2.523,2.545,2.515,2.501,2.507
VEN,VEN.15_1,SWPO,0.3031,0.2997,0.2944,0.2745,0.2571
VEN,VEN.16_1,SWPO,3.304,2.86,2.417,1.973,1.529
VEN,VEN.17_1,SWPO,2.485,2.172,1.859,1.549,1.236
VEN,VEN.18_1,SWPO,4.228,3.83,3.396,2.998,2.572
VEN,VEN.19_1,SWPO,0.5012,0.4929,0.493,0.4642,0.4318
VEN,VEN.1_1,SWPO,39.87,37.28,33.72,32.21,29.34
VEN,VEN.21_1,SWPO,1.569,1.571,1.514,1.458,1.428
VEN,VEN.22_1,SWPO,85.66,74.22,62.82,51.46,40.19
VEN,VEN.24_1,SWPO,1395,1185,984.4,789.2,600.2
VEN,VEN.25_1,SWPO,2.364,1.696,1.187,0.8014,0.5533
VEN,VEN.2_1,SWPO,1.015,0.9535,0.9239,0.8935,0.8639
VEN,VEN.3_1,SWPO,1.326,1.342,1.416,1.494,1.564
VEN,VEN.4_1,SWPO,14.31,13.09,12.12,12.73,11.78
VEN,VEN.5_1,SWPO,0.6534,0.6791,0.7004,0.7038,0.7113
VEN,VEN.6_1,SWPO,2.426,2.314,2.2,2.174,2.166
VEN,VEN.7_1,SWPO,178.9,154.4,129.9,105.5,80.9
VEN,VEN.8_1,SWPO,0.6681,0.6414,0.6151,0.6188,0.5883
VEN,VEN.9_1,SWPO,783.7,682.5,581.3,480.1,378.9
VNM,VNM.10_1,SWPO,7.132,8.458,11.95,13.73,14.42
VNM,VNM.11_1,SWPO,0.7353,0.7082,0.8027,0.7962,0.7306
VNM,VNM.12_1,SWPO,0.0091,0.00901,0.009922,0.009068,0.007157
VNM,VNM.13_1,SWPO,2.223,2.563,3.072,3.227,2.929
VNM,VNM.14_1,SWPO,0.6748,0.7265,0.9524,1.005,0.9583
VNM,VNM.15_1,SWPO,0.6532,0.7069,0.8675,0.8933,0.8092
VNM,VNM.16_1,SWPO,2.287,2.432,2.881,2.909,2.613
VNM,VNM.17_1,SWPO,1.401,1.72,2.339,2.553,2.567
VNM,VNM.18_1,SWPO,0.01721,0.01774,0.02035,0.02347,0.02354
VNM,VNM.19_1,SWPO,0.6385,0.7271,0.9155,0.983,0.8128
VNM,VNM.1_1,SWPO,0.02461,0.02736,0.03933,0.0497,0.0439
VNM,VNM.20_1,SWPO,2.384,2.455,2.807,2.727,2.331
VNM,VNM.21_1,SWPO,0.9006,0.9836,1.209,1.276,1.185
VNM,VNM.22_1,SWPO,0.01375,0.01198,0.01267,0.01354,0.01195
VNM,VNM.23_1,SWPO,0.04465,0.04237,0.04846,0.04245,0.06608
VNM,VNM.24_1,SWPO,0.005444,0.005561,0.006406,0.006449,0.01006
VNM,VNM.25_1,SWPO,5.333,5.686,7.216,7.84,7.794
VNM,VNM.26_1,SWPO,0.7381,0.7769,0.9282,0.9261,0.8296
VNM,VNM.27_1,SWPO,0.06582,0.06951,0.107,0.1058,0.1188
VNM,VNM.28_1,SWPO,0.008207,0.008043,0.008708,0.007758,0.005899
VNM,VNM.29_1,SWPO,0.44,0.3536,0.3266,0.2414,0.1577
VNM,VNM.2_1,SWPO,0.06161,0.06227,0.06899,0.06324,0.04989
VNM,VNM.30_1,SWPO,1.279,1.544,2.044,2.226,2.148
VNM,VNM.31_1,SWPO,0.00564,0.008541,0.01009,0.01151,0.01017
VNM,VNM.32_1,SWPO,1.75,1.876,2.3,2.365,2.194
VNM,VNM.33_1,SWPO,0.3152,0.3102,0.3385,0.3073,0.2388
VNM,VNM.34_1,SWPO,6.169,6.942,8.856,9.529,9.182
VNM,VNM.35_1,SWPO,2.092,2.717,4.148,4.926,5.008
VNM,VNM.36_1,SWPO,0.7923,0.838,1.02,1.055,0.941
VNM,VNM.37_1,SWPO,1.77,1.925,2.352,2.432,2.227
VNM,VNM.38_1,SWPO,1.482,1.472,1.63,1.485,1.174
VNM,VNM.39_1,SWPO,0.2022,0.2043,0.2319,0.2677,0.2554
VNM,VNM.3_1,SWPO,0.03875,0.03599,0.06382,0.07393,0.07542
VNM,VNM.40_1,SWPO,0.00565,0.004514,0.003914,0.002344,0.001266
VNM,VNM.41_1,SWPO,0.8915,0.8406,0.8938,0.8093,0.6851
VNM,VNM.42_1,SWPO,0.01702,0.01613,0.0168,0.01418,0.01024
VNM,VNM.43_1,SWPO,0.6139,0.7032,0.8587,0.878,0.8118
VNM,VNM.44_1,SWPO,0.2872,0.3298,0.4121,0.4225,0.3797
VNM,VNM.45_1,SWPO,3.834,4.052,4.686,4.545,3.858
VNM,VNM.46_1,SWPO,1.218,1.379,1.787,1.898,1.8
VNM,VNM.47_1,SWPO,2.914,3.156,3.602,3.434,2.881
VNM,VNM.48_1,SWPO,1.707,1.811,2.103,2.038,1.744
VNM,VNM.49_1,SWPO,6.827,7.928,10.42,11.51,12.11
VNM,VNM.4_1,SWPO,3.065,3.366,4.308,4.498,4.246
VNM,VNM.50_1,SWPO,2.468,2.809,3.446,3.557,3.278
VNM,VNM.51_1,SWPO,0.02207,0.02155,0.02343,0.02131,0.01696
VNM,VNM.52_1,SWPO,0.9298,0.9524,1.108,1.115,0.9647
VNM,VNM.53_1,SWPO,1.281,1.905,2.895,3.554,4.085
VNM,VNM.54_1,SWPO,0.4505,0.5102,0.6935,0.8077,0.8427
VNM,VNM.55_1,SWPO,8.335e-4,5.168e-4,5.35e-4,5.168e-4,4.387e-4
VNM,VNM.56_1,SWPO,0.4538,0.5309,0.7244,0.7843,0.7612
VNM,VNM.57_1,SWPO,0.2584,0.252,0.2783,0.2644,0.2204
VNM,VNM.58_1,SWPO,0.07673,0.0753,0.08167,0.07796,0.06099
VNM,VNM.59_1,SWPO,0.009712,0.01,0.01159,0.01268,0.01245
VNM,VNM.5_1,SWPO,0.01459,0.004051,0.001538,7.738e-4,1.839e-4
VNM,VNM.60_1,SWPO,5.396,6.211,8.181,9.328,9.268
VNM,VNM.61_1,SWPO,0.004354,0.004682,0.00594,0.006577,0.01011
VNM,VNM.62_1,SWPO,0.01033,0.009964,0.01107,0.0187,0.01571
VNM,VNM.63_1,SWPO,2.491,2.812,3.481,3.597,3.246
VNM,VNM.6_1,SWPO,0.001162,0.001337,0.001657,0.001696,0.001555
VNM,VNM.7_1,SWPO,5.067,5.783,7.515,8.39,7.817
VNM,VNM.8_1,SWPO,0.499,0.5659,0.8277,1.027,1.082
VNM,VNM.9_1,SWPO,8.767,10.16,12.67,13.23,12.13
Z01,Z01.14_1,SWPO,0.01502,0.01709,0.01637,0.02097,0.03764
Z06,Z06.1_1,SWPO,0.001689,0.001543,0.001295,0.001141,0.003149
Z07,Z07.3_1,SWPO,13.55,14.27,14.2,13.04,13.6
ZAF,ZAF.1_1,SWPO,4.947,5.468,5.232,6.052,5.483
ZAF,ZAF.2_1,SWPO,0.3661,0.3253,0.2553,0.2372,0.1715
ZAF,ZAF.3_1,SWPO,11.04,11.47,10.4,11.02,9.505
ZAF,ZAF.4_1,SWPO,3.12,3.026,2.612,2.759,2.413
ZAF,ZAF.5_1,SWPO,361.9,350.4,331.4,365.7,343.6
ZAF,ZAF.6_1,SWPO,86.15,95.45,91.97,105.4,99.52
ZAF,ZAF.7_1,SWPO,0.07506,0.07288,0.06026,0.0646,0.05404
ZAF,ZAF.8_1,SWPO,0.09527,0.08732,0.07321,0.07343,0.0595
ZAF,ZAF.9_1,SWPO,0.5365,0.5753,0.557,0.7101,0.6724
ZMB,ZMB.10_1,SWPO,11.42,8.637,14.29,8.179,9.327
ZMB,ZMB.1_1,SWPO,4.375,3.235,5.337,3.129,3.616
ZMB,ZMB.2_1,SWPO,14.18,10.23,16.61,9.56,11.45
ZMB,ZMB.3_1,SWPO,0.2696,0.2551,0.293,0.2631,0.283
ZMB,ZMB.4_1,SWPO,6.406,4.513,7.587,4.466,5.458
ZMB,ZMB.5_1,SWPO,2.373,1.782,2.838,1.62,1.812
ZMB,ZMB.6_1,SWPO,4.639,3.685,6.022,4.239,5.109
ZMB,ZMB.7_1,SWPO,18.52,14.07,24.38,14.74,18.44
ZMB,ZMB.8_1,SWPO,6.032,4.468,7.899,4.819,5.704
ZMB,ZMB.9_1,SWPO,1.867,1.231,1.869,0.9949,1.083
ZWE,ZWE.10_1,SWPO,3.387,1.011,2.072,1.738,1.562
ZWE,ZWE.1_1,SWPO,1.006,0.2748,0.5314,0.4672,0.4389
ZWE,ZWE.2_1,SWPO,0.3608,0.1346,0.2627,0.214,0.1863
ZWE,ZWE.3_1,SWPO,1.4,0.4505,0.9266,0.7968,0.7541
ZWE,ZWE.4_1,SWPO,1.321,0.4024,0.8312,0.7345,0.7131
ZWE,ZWE.5_1,SWPO,1.74,0.5372,1.164,1.021,1.003
ZWE,ZWE.6_1,SWPO,3.309,0.9699,1.981,1.677,1.503
ZWE,ZWE.7_1,SWPO,1.862,0.6995,1.456,1.231,1.118
ZWE,ZWE.8_1,SWPO,3.229,1.028,2.111,1.748,1.57
ZWE,ZWE.9_1,SWPO,1.315,0.4275,0.8782,0.7542,0.7005
